id	label	x	y	cluster	weight<Links>	weight<Total link strength>	weight<Occurrences>	score<Avg. pub. year>	score<Avg. citations>	score<Avg. norm. citations>
3	1d	-0.824	0.4988	4	54	118	8	2017.375	5.625	0.9094
9	2d	-0.5842	0.5696	2	86	243	14	2017	10.0714	1.4207
14	3d	-0.7373	0.4057	2	112	493	28	2016.9286	7.4286	0.741
35	ab initio	-0.9335	1.0007	2	43	94	7	2018	8.1429	1.1182
45	absorber	-0.8587	0.5392	2	181	1845	117	2017.1795	12.7692	1.702
49	absorption	-0.8765	-0.1777	2	86	271	14	2018.2143	5.9286	1.7737
50	absorption chiller	-0.8985	-0.2887	2	47	104	5	2017.2	11.4	2.8258
63	ac microgrid	0.7339	-0.6744	6	63	135	6	2018.8333	1	0.396
96	accuracy	-0.3165	0.4358	5	94	192	12	2017.25	7.9167	0.5482
111	active cooling	-1.0109	0.5151	2	52	131	6	2017.3333	7.8333	0.6671
115	active distribution network	0.5956	-0.1594	6	65	168	10	2017.6	3.4	0.3627
125	active power	0.7723	0.3152	3	84	195	10	2017.7	2.5	0.3223
128	active power curtailment	0.3454	-0.6546	6	50	103	6	2017.6667	19.1667	2.8272
129	active power decoupling	0.8097	0.6251	3	44	86	5	2017	5.6	0.5447
131	active power filter	1.0721	0.5485	3	34	91	5	2017	3.6	0.5261
170	adaptive neuro-fuzzy inference system	0.1281	0.1242	8	97	320	15	2017	10.9333	0.9911
227	agent based model	0.1248	-0.6792	1	62	133	8	2017.375	27.625	2.2842
228	agent based modeling	-0.3267	-0.7724	1	84	317	20	2017.85	12.5	1.9598
237	aggregation	0.3105	-0.9779	1	56	167	10	2017.1	1.7	0.1813
241	aging	0.0381	-0.1551	10	423	4645	257	2017.2957	8.2529	1.0077
254	air	-0.7134	0.0121	2	459	7216	399	2017.0501	9.0852	1.1598
295	algorithm	-0.036	-0.0069	1	1118	101411	5599	2017.1368	9.3963	1.1227
301	algoritm	-0.0163	0.0787	5	356	4217	203	2017.3695	9.5616	1.596
329	ambient temperature	-0.3258	0.013	4	74	176	9	2018.2222	9.2222	1.1901
356	analysis	-0.0899	-0.0015	2	1068	52114	2948	2017.0804	8.0926	1.0312
367	analytical method	-0.2275	0.866	5	49	109	6	2017.6667	8.8333	0.9756
375	ancillary services	0.5417	0.2422	5	67	139	7	2017	7.1429	0.676
381	anfis	0.1607	0.2501	4	169	951	46	2017.1304	12.5217	1.1625
386	angstrom-prescott	0.1373	0.0076	8	48	90	5	2017.2	2.6	0.1768
480	arima	-0.2613	-0.2585	4	97	310	15	2017	7.4667	0.8898
482	arma	-0.2353	0.0477	4	124	394	20	2017.3	8.05	1.0271
485	array	-0.3493	0.9887	5	49	82	5	2015	5.8	0.4954
486	array configuration	-0.1231	1.2113	8	30	81	5	2016.2	6.6	0.7175
496	artificial bee colony	0.0713	0.3762	5	123	430	21	2017.5238	17.2857	1.7758
505	artificial intelligence	-0.0362	-0.3487	4	135	558	28	2018.1429	9.7857	1.6065
548	atm/ocean structure/phenomena	-1.063	-0.4142	12	42	69	5	2015.8	9.2	0.7221
580	auto-regression	-0.2571	-0.3379	4	198	1449	66	2017.2576	11.5	1.2667
616	availability	-0.427	-0.1119	4	48	89	5	2018	2.8	0.3992
619	average model	0.4099	0.5159	3	52	100	5	2018.4	6.8	2.7777
654	backstepping	0.8489	0.559	3	59	194	10	2016.5	6	0.6501
673	bagging	-0.7054	-0.5526	4	55	108	5	2018.4	3.8	0.8687
682	bandgap	-0.8433	0.7986	2	146	1707	119	2016.9328	24.4958	2.2848
703	bat	-0.1126	0.5161	5	68	130	7	2017.5714	8.4286	1.2655
705	battery	0.355	-0.3385	1	743	24543	1240	2017.0879	10.3315	1.1143
707	battery aging	0.7919	-0.7475	10	53	107	5	2018.8	1	0.1253
710	battery bank	0.8304	-0.1946	7	82	173	8	2016.5	18.625	1.8241
712	battery charge	0.6707	-0.0818	10	87	275	15	2016.4667	2.2	0.2344
721	battery degradation	0.2227	-0.6856	1	67	141	6	2018	13.3333	1.7896
731	battery energy storage	0.7921	-0.2435	10	102	420	19	2017.8421	2.7368	0.4752
732	battery energy storage system	0.449	-0.6977	1	169	1093	47	2017.6596	4.8511	1.1956
733	battery energy storage systems	0.548	-0.3223	3	95	284	12	2017.9167	2.25	0.3526
740	battery model	-0.2285	0.0027	5	52	101	5	2018.8	2.8	0.8085
752	battery storage	0.2896	-0.4852	1	186	1004	48	2016.8333	15.5	1.7025
755	battery storage system	0.888	-0.5711	10	90	262	11	2017.9091	5.4545	1.1195
764	bayesian	-0.6015	-0.3355	4	96	282	16	2017.1875	7.1875	1.1324
778	bee pollinator	0.7015	0.3115	6	50	74	5	2015.2	37.2	3.4448
783	behind-the-meter	0.0427	-0.4971	4	73	168	8	2018.5	6.125	1.853
789	bems	-0.316	-0.99	1	57	118	5	2018.2	21.8	3.4616
799	bess	0.4887	-0.5762	1	329	3820	167	2017.5629	6.1976	0.9741
833	bidirectional converter	1.2021	0.086	10	65	170	8	2016.25	9.125	0.5856
835	bidirectional dc-dc converter	0.9013	-0.3889	10	50	101	5	2017.2	1.6	0.1405
841	bifacial	-0.7251	0.7646	2	56	143	8	2018	5.875	0.7795
852	bifurcation	0.4752	0.8343	3	46	131	7	2017.1429	7.1429	0.5878
858	big data	-0.3863	-0.4543	4	129	373	17	2017.5294	5.5882	1.2566
883	biogas	-0.007	-0.2422	7	58	116	6	2018.5	5.6667	1.4501
892	biomass	0.015	-0.3343	7	113	383	19	2017	12.6842	1.5852
903	bipv	-0.8972	0.012	2	223	2182	113	2017.3097	10.9115	1.6819
907	bipv/t	-0.9341	-0.0679	2	109	581	29	2017.2069	16.6552	3.0368
911	bists	-1.0037	-0.1118	2	71	314	16	2017.1875	20.875	4.1143
929	bms	0.608	-0.2332	10	63	134	7	2016.7143	2.8571	0.6816
937	bond graph	0.7658	0.3684	6	57	126	7	2018.1429	1.4286	0.4172
940	boost	0.2993	0.8218	3	78	236	13	2016.7692	6.3077	0.5727
944	boost converter	0.6229	0.6806	3	218	1869	98	2016.7857	3.551	0.3404
945	boost dc-dc converter	1.1485	0.226	3	57	117	6	2017.8333	2.1667	0.4306
948	boost inverter	0.8257	0.7048	3	48	100	5	2016.4	3.8	0.3334
1002	bss	0.5145	-0.5987	10	205	1522	68	2017.3971	7.5588	0.957
1007	buck boost	0.7967	0.5572	3	111	473	22	2017	6.2727	0.9421
1010	buck boost converter	0.8265	0.5069	3	113	452	22	2017.1818	5.6364	0.594
1014	buck converter	0.5602	0.497	10	85	278	16	2017.4375	2.4375	0.3342
1020	building	-0.5049	-0.2888	1	558	12874	678	2017.1667	9.2507	1.22
1042	building envelope	-1.2089	-0.0933	2	50	118	6	2018	1	0.306
1045	building information modeling	-0.8139	-0.6577	1	61	208	11	2017.6364	5.3636	0.4754
1097	business model	-0.1138	-0.8223	1	90	298	21	2017.7143	11.8095	1.5451
1104	bypass diode	-0.1143	0.8494	5	87	399	22	2016.9545	2.1818	0.2306
1118	calculation	0.2106	0.4539	8	89	247	14	2017.0714	5.7143	0.5617
1148	capacity	0.3627	-0.5619	6	237	1728	90	2017.2667	4.6556	0.5844
1159	capacity factor	0.049	-0.0279	9	60	140	8	2018.375	5.25	0.6201
1166	capacity optimization	0.8659	-0.6986	10	61	125	5	2017.4	7.2	0.5046
1180	carbon	-0.245	-0.5459	1	376	4930	265	2017.4113	10.766	1.5186
1190	carbon emission	-0.3778	-0.658	1	50	93	5	2016.6	11.2	1.0975
1223	cascaded h-bridge	1.1639	-0.0174	3	44	125	7	2017.5714	8.2857	1.0973
1240	cavity receiver	-1.057	0.513	2	44	92	6	2016.6667	8.5	0.638
1243	cchp	-0.6038	-0.6653	1	72	187	9	2017.6667	15.8889	2.2645
1254	cdte	-0.7738	0.4508	2	67	205	14	2017	2.7143	0.305
1263	cell	-0.4373	0.6587	2	510	13408	816	2016.712	13.9645	1.2775
1268	cell temperature	-0.8408	0.3967	2	68	192	9	2017.6667	5.1111	0.5361
1299	centrifugal pump	0.5031	1.1482	3	55	172	9	2017.4444	0.3333	0.0758
1307	cfd	-1.1376	0.4158	2	150	1297	74	2017.0811	9.3919	1.2232
1310	cfd modeling	-1.0876	0.3291	9	46	103	6	2016.5	6.1667	0.8166
1311	cfd simulation	-1.2972	0.4059	2	45	94	5	2018.6	3	1.0128
1333	chaos	0.3672	0.6278	3	45	89	5	2016.6	2.2	0.2013
1352	characteristics	-0.2264	0.7412	8	75	197	12	2016.5	10.5833	0.8522
1356	characteristization	-0.094	0.3103	5	892	27658	1575	2016.9746	7.8356	0.9244
1357	characterization	-0.0966	0.8699	5	197	1468	76	2017.1447	10.1053	1.2283
1362	charge	0.401	-0.1912	10	229	1588	81	2017.1358	5.8272	1.0372
1376	charging	0.3161	-0.2829	10	581	12504	666	2017.0811	14.2462	1.3134
1400	china	-0.2027	-0.5489	1	58	133	9	2017.3333	12.1111	1.8613
1411	chp	-0.0951	-0.5393	1	93	270	13	2017.5385	12	1.5413
1420	cigs	-0.6682	0.6454	2	61	168	12	2017.3333	0.9167	0.0938
1423	circuit	0.0505	0.5795	5	181	846	48	2016.25	14.2292	1.1055
1460	classification	-0.3568	-0.1192	4	262	2595	132	2017.4773	16.5303	1.9552
1488	clearness index	-0.3807	0.0661	4	93	258	13	2017.0769	7.3077	1.7447
1489	climate	-0.7292	-0.4027	12	159	862	50	2017.34	8.64	1.4499
1490	climate change	-0.6948	-0.512	12	103	471	26	2017.4615	11.0769	1.3731
1497	climate model	-1.0336	-0.4056	12	42	82	5	2016	7.4	0.5711
1520	cloud	-0.644	-0.2147	4	172	900	50	2017.36	6.9	0.9256
1557	clustering	-0.1655	-0.3694	4	311	3641	190	2017.5421	6.9368	1.0358
1566	cmc	0.5419	0.5616	3	35	69	5	2017.2	1.4	0.2205
1573	cnn	-0.6355	-0.4789	4	130	707	36	2018.9444	6.6667	2.3438
1578	co-simulation	0.5265	0.2146	6	70	160	9	2017	7.2222	0.6827
1582	co2 emission	-0.2214	-0.4761	1	76	153	8	2016.875	14.875	1.525
1590	coal	-0.4636	-0.4396	2	49	101	5	2017.6	16	2.8535
1594	coating	-0.8911	0.6407	2	123	649	39	2017.7436	7.9487	1.6665
1604	cogeneration	-0.7531	0.0126	2	67	122	5	2017.6	4	0.686
1619	collector	-1.1151	0.1869	2	67	189	10	2017.4	19.9	3.1212
1645	combined heat and power	-0.3292	-0.4562	1	88	295	13	2016.6923	18.8462	2.3357
1660	commercial building	0.1534	-0.5219	11	64	123	6	2017.5	10	1.083
1684	community	-0.072	-0.7812	1	92	288	16	2018.1875	7.375	1.3351
1704	comparison	-0.7148	0.1404	12	45	75	5	2018	14.6	2.0276
1717	complex	-0.4514	-0.1526	4	96	283	15	2017.0667	12.2	0.7899
1730	component	-0.0236	0.622	3	80	183	12	2017	3	0.2815
1744	compound parabolic concentrator	-1.1406	0.4578	2	42	82	5	2017.4	15.4	2.3699
1747	compressed air energy storage	0.2901	-0.7515	1	54	101	5	2016.8	22.4	1.8936
1757	computational fluid dynamics	-1.0466	0.474	2	82	299	17	2017.2353	12.3529	1.4062
1762	computational modeling	-0.098	0.3929	11	64	124	8	2017	5.75	0.6208
1794	concentrator	-0.5951	0.839	2	53	89	5	2017.8	2.2	0.3169
1795	concentrator photovoltaic	-0.8896	0.7194	2	84	313	17	2017	8.2353	0.893
1805	condition	-0.188	0.6636	5	146	629	33	2017.6061	10.4848	1.2363
1807	condition monitoring	0.0719	0.6577	8	63	114	6	2018.1667	2.1667	0.2097
1854	consumer	-0.1937	-0.6934	1	60	137	9	2018.2222	8.8889	1.3163
1862	consumption	-0.0903	-0.2949	9	47	75	5	2018.6	0.6	0.0623
1897	control	0.4787	0.1105	3	933	46144	2489	2016.9245	6.9888	0.8145
1914	control system	0.4215	-0.0105	11	66	126	7	2018	5.4286	0.6026
1929	controller	0.808	0.4485	3	292	3165	158	2017.0886	7.2152	0.7553
1930	controller design	1.0492	0.0591	3	58	119	6	2017.1667	10.5	2.4222
1947	conversion efficiency	-0.779	0.8103	2	73	219	13	2017.3846	1.8462	0.2594
1949	converter	0.6221	0.4409	3	631	22129	1188	2016.7761	6.4057	0.642
1953	converter control	1.0486	-0.0212	9	58	138	8	2014.875	2.375	0.1973
1966	converters	0.7704	0.2547	11	69	167	9	2016.7778	4.3333	0.3398
1972	cooling	-0.8264	0.0245	2	354	5542	290	2017.2379	10.3862	1.5276
1999	coordinated control	0.7825	-0.6434	6	75	216	9	2017.1111	6.3333	0.6586
2003	coordination	0.764	-0.6273	6	98	364	17	2016.6471	5.7059	0.5981
2018	correction	0.034	0.2145	4	411	4668	273	2017.0037	7.7985	0.9011
2020	correlation	-0.4473	-0.0265	4	469	7113	396	2017.1515	8.8005	0.9976
2037	cost	0.0704	-0.42	7	249	1635	85	2016.9647	14.1059	1.6593
2039	cost analysis	-0.4684	-0.0869	7	61	104	5	2016.8	5.2	0.4886
2045	cost function	0.8054	0.2414	3	56	102	5	2018.4	6	0.4205
2050	cost of energy	-0.0404	-0.4757	7	58	148	8	2015.875	30.25	1.8748
2052	cost optimization	-0.3345	-0.7274	1	58	103	5	2017.4	6.6	1.7076
2076	coupled inductor	0.9204	0.7622	3	50	107	6	2017.8333	3.8333	0.398
2089	cpc	-1.1941	0.267	2	52	153	8	2017.25	16.375	1.8517
2095	cpv	-0.891	0.5226	2	190	1966	104	2017.2115	9.7019	1.4782
2099	cpv/t	-0.9921	0.3284	2	91	430	20	2018.65	8.9	3.0584
2144	csp	-0.7853	-0.0025	2	106	473	25	2016.96	13.76	1.5566
2160	cuckoo search	-0.1144	0.3537	5	87	252	12	2017.5	11.6667	2.0431
2163	cuk converter	0.6748	0.7574	3	61	193	10	2016.7	1.8	0.1523
2176	current control	0.6457	0.7235	3	51	117	7	2017.2857	4	0.4976
2198	current source inverter	1.2016	0.3929	3	44	100	6	2016.6667	3.1667	0.9447
2215	curtailment	0.3722	-0.8026	6	53	102	6	2016.5	1.8333	0.2536
2222	curve fitting	-0.2443	0.4274	5	59	131	7	2017	3.5714	0.2968
2244	cvar	0.136	-0.9734	1	60	133	7	2016.8571	14.2857	1.5801
2247	cvr	0.6803	-0.3004	6	52	95	5	2016.2	1.8	0.1567
2252	cyber-physical system	0.3568	0.4909	3	54	98	6	2017.5	2	0.6257
2305	data	-0.2976	0.0039	4	949	46567	2600	2017.1542	8.5842	1.0705
2326	data mining	-0.6869	-0.7908	4	76	218	12	2017.6667	3.25	1.0036
2358	database	-0.2819	-0.1573	4	295	2467	132	2017.2424	5.7273	0.7892
2375	day-ahead forecasting	-0.5521	-0.7639	4	48	94	5	2017.4	7.2	2.0214
2376	day-ahead market	0.1619	-1.0333	1	57	121	6	2017.8333	1	0.1138
2379	day-ahead scheduling	0.4805	-0.3731	6	54	99	5	2017.2	14.6	1.5084
2399	dc bus	0.8193	0.0271	3	70	139	6	2017.3333	2.1667	0.2101
2419	dc microgrid	0.7292	-0.3262	3	140	705	33	2017.5758	7.9091	1.064
2449	dc-ac power conversion	0.967	0.6575	3	52	122	7	2016.5714	14.5714	1.047
2458	dc-dc boost converter	0.6564	0.7858	3	113	548	27	2016.3704	7.8148	0.6269
2465	dc-dc converter	0.4594	0.4471	3	188	1402	72	2017.0556	8.8889	0.9768
2471	dc-dc power conversion	0.4368	0.7914	3	59	125	6	2016.8333	29.5	3.0052
2472	dc-dc power converter	0.6392	0.2473	11	82	264	13	2016.0769	5.9231	0.464
2489	dc/dc converter	0.0527	0.7615	5	113	400	19	2017.5263	3.2632	0.5124
2518	decarbonization	-0.0064	-0.8875	1	44	104	5	2017.8	18.2	2.1702
2523	decentralized control	1.0226	-0.3314	6	54	125	7	2017.1429	13.2857	1.1491
2570	deep learning	-0.2526	-0.2161	4	893	36430	1856	2017.2759	9.6778	1.21
2591	degradation	0.0436	-0.2011	1	163	739	43	2017.4419	10.0233	1.2346
2608	demand	0.1808	-0.2754	9	53	90	5	2016.8	6.2	0.5425
2616	demand response	0.1073	-0.8879	1	189	1445	70	2017.5286	18.0429	2.1895
2619	demand response program	0.5104	-0.7943	1	69	228	11	2017.9091	32.9091	3.3482
2623	demand side management	-0.0587	-0.8106	1	113	358	17	2016.6471	9.9412	1.1045
2639	density functional theory	-0.9669	0.4099	2	37	85	6	2016.6667	13.8333	1.2788
2659	der	0.6469	-0.3573	6	70	177	9	2017.4444	1.5556	0.2584
2669	desalination	-0.7298	0.2692	2	61	148	9	2018.4444	4	1.3695
2681	design	0.0044	0.2064	2	949	38265	2120	2017.0222	9.2066	1.1256
2685	design method	1.2696	-0.0988	3	43	91	5	2016.6	10.2	1.2271
2689	design optimization	-0.7653	-0.5396	2	64	144	7	2015.5714	38.1429	2.8794
2703	detection	-0.0029	0.2976	4	311	3435	183	2017.4153	10.0765	1.2538
2719	device	-0.2796	0.4057	2	93	230	15	2017	4.2667	0.5579
2721	device modeling	-0.8146	0.7559	2	64	152	9	2017.1111	8.7778	2.0744
2724	dfig	1.0276	0.3341	7	58	136	6	2016.8333	3.1667	0.4257
2726	dg	0.6417	0.0465	6	82	218	11	2016.6364	5.5455	0.8423
2738	diabatic heating	-1.17	-0.5016	12	33	68	5	2017.2	7.8	0.8382
2740	diabatic processes	-1.1362	-0.4284	12	39	119	9	2017.2222	5.7778	0.6024
2743	diagnosis	-0.329	0.3013	4	208	1501	85	2017.3059	8.3412	1.0351
2759	diesel	0.4154	-0.0498	6	70	164	8	2016.875	9	1.2258
2764	diesel generator	0.386	-0.2227	1	104	327	17	2016.2941	14.7647	0.9397
2774	differential evolution	-0.1391	0.4321	5	86	201	10	2015.4	20.5	1.5952
2806	digital control	0.8084	0.6827	3	58	167	9	2015.8889	13.1111	1.236
2819	digsilent	0.6314	-0.1436	6	57	96	6	2017.3333	2.3333	0.2312
2831	diode	-0.106	0.8062	5	393	8156	464	2016.8922	9.8685	1.1615
2834	diode model	-0.3544	0.8054	5	63	103	5	2017.2	12.2	0.6612
2848	direct current	0.195	-0.3149	11	46	112	6	2017	17.3333	1.3396
2852	direct normal irradiance	-0.2642	0.2803	9	54	117	8	2016.875	2	0.2016
2853	direct power control	0.7776	0.4209	3	38	88	5	2015.6	7.8	0.646
2874	discharging	0.4271	-0.4425	10	344	4159	204	2017.1667	7.6078	0.8468
2875	discontinuous conduction mode	0.6155	0.6028	5	43	89	5	2017.8	3	0.6332
2923	distributed	0.2769	0.6354	3	57	146	6	2015.5	50.8333	5.7683
2931	distributed control	0.5779	-0.387	6	71	163	8	2018.375	7.75	1.307
2941	distributed energy	0.2308	-0.4825	6	332	3943	187	2017.0909	9.5829	1.1622
2943	distributed energy resource	0.1144	-0.6184	6	176	1076	46	2017.2826	10.2609	1.3839
2944	distributed energy resources	0.1662	-0.6907	10	67	131	6	2017.8333	9.1667	1.6778
2949	distributed energy system	-0.5168	-0.6868	2	71	150	7	2017.1429	14.2857	1.7197
2950	distributed generation	0.4847	-0.2895	6	483	7861	386	2017	7.7435	0.9516
2964	distributed generator	0.9283	0.0259	3	64	133	7	2016.7143	0.4286	0.0499
2965	distributed generators	0.8847	-0.2392	12	65	188	10	2016.5	10.7	0.7659
2979	distributed photovoltaic	0.2083	-0.0945	3	58	108	6	2019.3333	1	1.8302
2985	distributed power generation	0.6987	-0.2473	6	129	699	31	2016.6452	12.8065	0.972
3010	distributed system	0.5502	-0.7858	1	50	84	5	2017	13	0.8322
3012	distribution	0.3638	-0.289	6	706	18581	944	2017.1525	7.7447	0.9563
3017	distribution generation	-0.4325	0.3805	4	58	127	7	2017.4286	3.4286	0.3868
3020	distribution grid	0.7199	-0.5418	6	82	216	10	2016.5	13.3	2.0495
3029	distribution network	0.4808	-0.4513	6	173	982	53	2017.1509	6.0943	0.9952
3041	distribution system	0.6044	-0.3104	6	157	759	42	2017.2381	3.4524	0.4551
3044	distribution system modeling	0.7174	-0.593	6	54	113	7	2016.4286	1.4286	0.1874
3076	dmppt	0.499	0.4763	3	44	91	5	2017.6	4.8	0.4343
3100	domestic hot water	-0.4908	-0.1411	2	74	168	8	2016.75	11.5	1.7648
3115	double diode model	-0.1698	0.9195	5	82	403	21	2016.9048	15.1905	2.0427
3129	double-diode model	-0.0916	1.116	5	60	202	11	2017.7273	35.7273	6.0078
3170	droop control	0.996	-0.2567	6	78	226	13	2017.8462	4.3077	0.5555
3186	dspace	0.6404	0.6401	3	70	175	9	2016.5556	3.5556	0.3154
3229	dust accumulation	-0.4138	0.5323	4	55	132	7	2018.2857	10.4286	1.1645
3231	dust deposition	-0.6838	0.2011	2	63	150	10	2018.4	4.4	1.5003
3241	duty cycle	0.0682	1.0846	5	50	100	5	2017.2	5.4	0.3416
3292	dynamic model	0.2182	0.4013	5	113	366	19	2016.1053	6.4211	0.604
3293	dynamic modeling	-0.3783	-0.0225	2	138	608	30	2016.5333	7.4	1.1243
3309	dynamic programming	0.3318	-1.0268	1	87	234	11	2017.6364	4.5455	0.7975
3319	dynamic simulation	-0.4836	-0.1991	2	107	367	18	2017.6667	8.9444	1.811
3343	dynamics	-1.061	-0.4705	12	57	102	8	2016.625	7.25	0.6297
3372	echo state network	-0.4094	-0.435	4	67	137	7	2017.2857	4.5714	0.9389
3384	economic analysis	-0.2417	-0.058	2	114	391	20	2017.1	7.2	1.5523
3391	economic dispatch	0.1611	-1.1498	1	70	198	11	2017.0909	2.6364	0.4431
3407	economic model predictive control	0.5566	-1.0187	1	48	126	6	2018.3333	4.1667	1.3227
3422	economics	-0.2201	-0.9077	1	54	112	7	2016.7143	22	2.033
3444	efficiency	-0.3106	0.2627	2	888	32313	1787	2017.0823	10.6928	1.2065
3501	electric power system	0.0973	-0.403	1	79	143	7	2016.5714	17.7143	1.6494
3510	electric vehicle	0.2311	-0.6302	1	176	926	48	2017.3333	9.3542	1.4413
3522	electric vehicles	0.2922	-0.6969	1	156	784	40	2017.175	11.275	1.188
3535	electrical characterization	-0.3003	1.0866	2	58	132	6	2016.8333	11.3333	1.109
3543	electrical efficiency	-1.0352	0.3339	2	77	249	12	2017.5	3.5833	1.155
3561	electrical model	-0.647	0.7279	2	72	169	8	2017.5	7	0.8606
3584	electricity	-0.4071	-0.7533	1	98	278	14	2017.5	11.4286	1.3299
3586	electricity consumption	-0.2635	-0.5072	4	58	98	6	2017.1667	14.6667	2.1245
3592	electricity demand	-0.1156	-1.0875	1	54	89	5	2016.6	4	0.3951
3604	electricity market	-0.0366	-0.931	1	62	123	6	2017.6667	5.3333	1.2969
3652	electrolyser	0.4224	0.4063	10	57	101	6	2016.3333	12	0.9156
3653	electrolysis	-0.3149	0.3491	9	51	126	7	2017	16.7143	1.6873
3654	electrolyzer	0.4395	0.0525	9	100	455	24	2016.0417	12.125	1.0251
3709	elman	0.1869	-0.2135	3	84	237	11	2018	3.6364	0.4765
3710	elman neural network	0.2716	-0.1335	3	71	138	6	2017.5	5.6667	0.7698
3734	emission	-0.2406	-0.582	1	147	498	26	2016.8846	10.7692	1.1727
3745	empirical mode decomposition	-0.8924	-0.6024	4	49	85	5	2017	11.6	1.6184
3746	empirical model	-0.2901	0.4607	8	72	172	10	2017.6	8.9	1.6341
3769	energy	-0.0367	-0.133	1	1099	88421	4794	2017.116	9.1865	1.1102
3771	energy analysis	-0.9089	-0.1947	2	58	154	8	2018.125	9.375	1.7874
3784	energy balance	-1.1166	0.5353	2	63	119	7	2017.7143	3.4286	0.3916
3795	energy consumption	0.0251	-0.3567	11	119	352	18	2017.6667	4.6111	0.5321
3801	energy conversion	-0.6269	0.3918	2	102	395	20	2017.75	5.35	0.8342
3820	energy efficiency	-0.5732	-0.1848	2	189	1125	55	2017.2364	10.6727	1.2665
3842	energy harvesting	-0.0298	0.4569	11	128	620	33	2016.7273	22.7576	2.1259
3846	energy hub	-0.1363	-0.9224	1	76	196	10	2017.8	12.5	1.9675
3867	energy management	0.2711	-0.5788	1	234	2069	94	2017.4468	12.9787	1.7037
3874	energy management system	0.2583	-0.555	1	192	1018	46	2017.4565	7.2174	1.2997
3877	energy market	-0.3925	-0.6342	4	59	102	5	2016.4	2.4	0.4293
3884	energy modeling	-0.6798	-0.4021	1	117	405	24	2016.875	6.625	0.7883
3897	energy performance	-0.6933	0.2332	2	91	300	14	2017.1429	11.7857	1.525
3901	energy planning	-0.1528	-0.8717	1	58	126	6	2017.3333	17.1667	2.6424
3905	energy policy	-0.286	-0.8965	1	107	334	20	2017.3	14.45	1.522
3912	energy production	-0.6856	0.0685	9	49	94	5	2016.6	7.2	0.6969
3931	energy scenarios	-0.3924	-0.9179	1	50	84	5	2018.4	7.6	1.3115
3939	energy simulation	-1.0995	-0.1394	2	39	84	5	2017	21.6	2.2245
3941	energy storage	0.387	-0.5307	1	286	2464	122	2016.959	10.377	1.2601
3953	energy storage sizing	0.5796	-0.6927	6	57	112	5	2016	14.6	2.1988
3955	energy storage system	0.224	-0.7188	1	168	917	41	2017.6341	11.7561	1.2337
3964	energy system	-0.1669	-0.7781	1	79	196	10	2017.2	7	0.9536
3965	energy system analysis	-0.3775	-1.0024	1	45	101	5	2015.6	18	1.6323
3969	energy system model	-0.5268	-0.8752	1	47	104	6	2016.6667	22.6667	2.2279
3970	energy system modeling	-0.1219	-0.7907	1	90	359	20	2016.65	30.75	3.523
3982	energy transition	-0.1815	-1.0634	1	50	125	7	2017	23.1429	4.8891
3990	energy yield	-0.7085	0.8377	2	90	320	18	2016.3889	11.1111	0.9584
4003	energyplan	-0.1564	-0.9497	1	48	137	7	2018.2857	13.4286	3.4705
4004	energyplus	-0.7753	-0.6124	1	65	137	7	2016.4286	8.4286	0.8144
4030	ensemble	-0.5088	-0.3775	4	285	2564	130	2017.9615	10.0692	1.3658
4058	envelope	-1.1739	-0.0879	2	59	156	8	2017.5	1.125	0.2555
4062	environment	-0.8189	-0.1639	2	53	94	5	2017	9.2	0.6401
4077	environmental impact	-0.1126	-0.469	4	58	100	6	2016.3333	11.3333	1.2781
4099	equivalent circuit	-0.0313	0.859	5	63	165	9	2015.8889	20.7778	1.5412
4111	equivalent modeling	-0.0156	0.7213	8	51	95	5	2015	2.4	0.1358
4124	error analysis	-0.9409	-0.4856	12	65	111	6	2017.6667	18.8333	2.0608
4138	ess	0.3891	-0.4836	1	467	7777	363	2017.4325	9.1653	1.2272
4142	estimation	-0.174	0.0926	4	560	9927	533	2017.2289	9.6004	1.2173
4175	evaluation	-0.1822	0.0182	2	561	7967	430	2017.2442	8.6419	1.1484
4185	evolutionary algorithm	-0.0532	-0.376	1	153	608	30	2017.3333	17.2333	2.8844
4204	exergy	-0.6309	-0.0739	2	110	483	25	2017.32	10.32	1.5243
4205	exergy analysis	-0.9648	-0.031	2	72	238	12	2017.5833	16.4167	2.2914
4208	exergy efficiency	-1.0614	-0.2113	2	49	92	5	2017.8	21.8	2.502
4223	experiment	-0.2145	0.4108	2	818	27055	1573	2016.9962	9.8595	1.1685
4224	experimental	-0.5511	1.0459	5	52	133	7	2016.5714	16.5714	1.3068
4225	experimental analysis	-1.0468	0.4245	2	49	120	6	2017.5	12.5	1.2655
4245	experimental validation	-0.8679	0.3476	2	64	149	8	2017.625	12.25	1.1682
4254	explicit model	-0.2367	1.033	5	62	166	9	2016.7778	16.2222	1.4791
4274	extraction	0.0755	0.5159	5	559	10435	550	2017.0891	8.6836	1.0545
4280	extratropical cyclones	-1.1383	-0.4921	12	53	153	12	2017.1667	8.25	0.8677
4285	extreme learning machine	-0.4438	-0.3749	4	109	438	23	2018.1304	5.4783	0.6183
4299	facade	-0.988	0.0045	2	141	962	48	2017.0417	9.8333	1.0336
4305	failure	0.2507	0.4744	5	129	571	33	2017.4242	8.7576	1.1373
4308	failure rate	0.6834	0.5469	3	57	132	8	2017.625	1.25	0.1072
4322	fast fourier transform	0.5558	0.9084	3	58	100	5	2018.2	0	0
4333	fault	0.3096	0.2084	4	402	5141	285	2017.3719	6.9614	0.8184
4338	fault classification	-0.238	0.1285	4	55	104	5	2018.6	21.6	1.9165
4340	fault detection	0.0065	0.5181	4	117	573	30	2017.6	20.7333	2.2066
4344	fault diagnosis	-0.1277	0.2831	4	89	310	15	2018.0667	12.8	1.7308
4386	feature extraction	-0.3138	-0.1621	4	75	168	8	2018.375	18.125	2.32
4388	feature selection	-0.3299	-0.422	4	83	259	12	2018.5833	8.5	3.2918
4399	feed-in tariff	0.035	-0.7168	1	42	83	6	2018.3333	6.1667	1.0597
4450	fill factor	-0.4769	0.9017	2	70	195	13	2016.3077	2.6923	0.2284
4454	filter	0.7657	0.1956	3	226	1506	82	2016.7317	6.4756	0.6933
4483	finite element analysis	0.1062	0.5116	5	46	76	5	2018.2	0.2	0.0909
4485	finite element method	-1.169	0.3185	2	64	214	12	2017.25	12.6667	2.3993
4486	finite element model	-0.9038	0.2685	2	79	311	21	2016.4286	10.0952	0.9091
4511	firefly	0.1	0.4425	5	101	307	14	2017.5	5.8571	1.0917
4512	firefly algorithm	0.1373	0.5352	5	60	137	6	2018	2.3333	1.3578
4535	five-parameter model	-0.072	0.9814	5	48	119	8	2015.75	12	1.3143
4559	flc	1.0257	0.3694	7	60	130	6	2016.5	2.5	0.1361
4561	flexibility	-0.2169	-0.7962	1	71	175	8	2017.875	21.75	2.1892
4615	flower pollination	0.486	0.7156	5	84	248	12	2017.4167	28.0833	2.2932
4616	flower pollination algorithm	0.494	0.7573	5	74	164	8	2017.375	29.25	1.9527
4626	flyback converter	-0.2815	0.0636	7	51	91	5	2016	17.2	1.5317
4649	forecast	-0.3502	-0.1875	4	119	461	24	2016.5833	2.75	0.2734
4663	forecasting	-0.3598	-0.3549	4	251	2344	123	2017.3984	9.2276	1.0479
4665	forecasting errors	-0.4021	-0.7851	4	44	98	5	2016.6	25	1.7878
4667	forecasting method	-0.4397	0.0661	4	51	91	5	2017.6	7.2	0.3821
4668	forecasting model	-0.7305	-0.1426	4	54	107	7	2016.4286	5.1429	0.3072
4707	fpga	0.562	0.6576	11	72	229	12	2016.0833	4.6667	0.3883
4749	frequency control	0.5943	-0.3462	8	71	160	9	2016.8889	2.3333	0.2025
4758	frequency regulation	0.6151	-0.4308	6	74	160	7	2017.1429	5	0.9092
4759	frequency response	0.5541	0.338	5	51	98	5	2017.2	4.2	0.7011
4772	fresnel lens	-0.9179	0.51	2	60	136	8	2017.75	2.375	0.2742
4791	fuel cell	0.5342	0.0643	9	210	1647	79	2016.6962	14.962	1.7603
4834	fuzzy	0.3748	0.1722	3	432	6122	305	2017.1115	8.2131	0.9272
4844	fuzzy control	0.8379	-0.0649	9	60	162	9	2016.3333	1.5556	0.1144
4846	fuzzy controller	1.1388	0.1108	7	59	125	6	2017.5	1	0.1191
4855	fuzzy logic	0.5385	0.4338	3	282	3034	147	2017.2449	7.8503	0.8615
4858	fuzzy logic control	0.3951	0.6537	3	97	350	15	2018.5333	5	0.8265
4861	fuzzy logic controller	0.6505	0.5944	3	118	593	27	2017.4444	9.7778	1.2246
4914	game theory	-0.1935	-0.9411	1	60	147	8	2017.75	3.625	1.0777
4958	general algebraic modeling system	0.3316	-0.6225	1	67	150	8	2018.25	11	2.3421
4979	generation	0.286	-0.2852	6	526	8953	458	2016.8035	8.2664	0.8814
4992	generator	0.3355	-0.0766	7	680	15788	814	2016.8047	9.6548	1.0166
4996	generic model	0.0493	0.2368	8	35	64	5	2014.6	2.4	0.1845
4999	genetic algorithm	-0.1416	0.0123	2	1093	65903	3628	2017.1577	10.142	1.2088
5008	geographic information system	-0.4435	-0.8485	1	65	181	9	2017.6667	9.5556	1.5647
5045	gis	-0.2987	-0.4811	1	239	2110	117	2017.1026	9.8205	1.0481
5061	global	0.2366	1.1036	5	71	198	10	2017.3	21.8	1.9098
5065	global horizontal irradiance	-0.4309	0.0334	9	135	722	40	2017.225	9.575	0.9825
5074	global optimization	-0.1169	0.6466	5	61	108	5	2017.4	29.4	3.1896
5079	global solar irradiance	-0.6895	-0.8485	4	42	89	5	2017	4.8	0.6984
5081	global solar radiation	-0.3081	0.1901	8	79	266	14	2017.9286	5.0714	2.5323
5117	gradient boosting	-0.5649	-0.2794	4	81	207	11	2018.1818	29.3636	3.1123
5160	green	-0.0816	-0.1973	1	428	5353	276	2017.3659	7.3877	1.1463
5167	green energy	-0.2072	0.3285	11	68	173	10	2017.3	5	0.5532
5211	grey wolf	-0.0593	0.0074	5	85	213	10	2018.8	8.1	1.2803
5212	grey wolf optimization	0.0464	-0.0616	5	63	112	5	2019.2	2	0.4338
5215	grid	0.2969	-0.15	3	999	53400	2838	2017.0574	8.1582	0.9689
5221	grid connected	0.6307	0.3165	3	63	183	11	2016.8182	5.5455	0.5822
5227	grid connected photovoltaic	0.0873	0.2002	9	43	81	5	2016.4	4.4	0.6084
5228	grid connected photovoltaic system	0.2354	0.5763	9	49	111	6	2016.1667	10.5	1.2332
5230	grid connected pv system	0.5975	0.7227	3	54	113	6	2016.5	4.1667	0.315
5232	grid connected system	0.3192	0.427	4	63	110	6	2016.1667	4.8333	0.938
5233	grid connection	0.8177	0.8975	3	59	138	8	2015.625	17.375	1.2393
5248	grid integration	0.5388	-0.1342	3	120	391	20	2016.3	5.7	0.6824
5290	grid-connected	0.4326	0.3302	3	109	428	23	2016.2609	7.4783	0.6427
5295	grid-connected inverter	0.8352	0.4184	3	91	312	17	2016.7647	5.2353	0.5823
5299	grid-connected photovoltaic	-0.2269	0.17	5	47	90	5	2015	14.6	0.8422
5300	grid-connected photovoltaic system	0.4138	0.7018	11	60	133	7	2016.2857	4.7143	0.5744
5302	grid-connected pv	0.5744	0.179	3	63	126	7	2017.8571	4	0.8521
5308	grid-connected pv system	0.6806	0.4736	3	83	225	12	2016.1667	5.9167	0.4901
5415	hardware-in-the-loop	0.7428	0.4715	11	57	140	8	2017.625	3	0.5462
5420	harmonic analysis	0.5206	0.0406	8	73	182	11	2017.4545	1.7273	0.1361
5427	harmonic distortion	0.762	-0.2732	6	69	148	8	2018	4.625	0.6191
5447	harmonics	0.4876	0.0262	12	104	356	20	2017.6	4.55	0.5855
5453	harmony search	0.2658	0.2351	5	93	277	13	2017	29.3846	2.6571
5485	heat	-0.7289	-0.0696	2	561	15976	860	2017.1093	10.4698	1.3564
5500	heat pump	-0.1851	-0.6372	1	121	440	21	2016.619	12.3333	1.6545
5504	heat pumps	-0.6527	-0.5508	2	69	168	8	2016.875	8.375	0.5599
5517	heat transfer	-0.7858	0.3158	2	99	457	28	2017.25	11.3214	1.4241
5554	heterojunction	-0.8062	0.8919	2	41	96	7	2016.4286	6.2857	0.7374
5558	heuristic	-0.0337	0.1245	5	269	2268	112	2017.7054	11.5	2.2298
5568	hidden markov	-0.2128	-0.2884	4	53	121	6	2017.1667	7.8333	0.7589
5569	hidden markov model	-0.2002	-0.2807	4	53	121	6	2017.1667	7.8333	0.7589
5570	hierarchical	0.179	-0.6251	1	159	834	44	2017.3409	9.0682	1.3112
5585	high concentration	-0.9373	0.5634	2	123	789	40	2016.75	9.125	0.9111
5601	high frequency	0.5056	0.1766	3	206	1346	78	2016.6923	4.8462	0.4465
5609	high penetration	0.3348	-0.3955	6	286	2281	119	2016.7815	6.3193	0.9373
5614	high power	0.5305	0.3269	3	196	1081	55	2016.6364	9.7636	0.9937
5621	high pv penetration	0.4603	-0.8995	6	45	81	5	2018	16.2	1.9952
5632	high temperature	-0.6046	0.5477	2	129	659	38	2016.8947	7.7105	0.9232
5635	high voltage	0.6217	0.5144	3	165	1000	53	2017.1698	2.1132	0.3037
5667	high-resolution	-0.5053	-0.4401	12	212	1315	74	2017.1892	13.9459	1.6467
5714	home	0.0148	-0.5556	1	445	7456	396	2017.1869	9.0783	1.0972
5719	home energy management	0.4115	-0.8154	1	71	162	8	2017.625	2.875	0.8152
5720	home energy management system	0.2471	-0.9817	1	75	201	10	2017.3	4.9	0.621
5726	homer	-0.0442	-0.4238	7	126	758	38	2016.5263	12.7368	1.3937
5747	hosting capacity	0.6636	-0.6351	6	94	316	15	2018.4	3.4667	0.7375
5802	hybrid	0.0833	-0.065	7	749	20941	1054	2017.0228	13.9374	1.6484
5829	hybrid energy	-0.4503	-0.3329	7	55	94	5	2017.2	5.6	1.3261
5832	hybrid energy storage	0.7968	-0.0593	9	59	126	6	2017.6667	9.6667	0.7507
5834	hybrid energy storage system	0.7341	-0.1596	3	76	219	10	2017.2	10.9	1.2567
5836	hybrid energy system	0.4365	-0.0893	7	156	1029	50	2016.9	11.98	1.5622
5894	hybrid power system	0.3352	0.0231	7	122	596	28	2016.5357	14.2143	1.4035
5921	hybrid renewable energy system	0.0639	-0.3653	7	182	1430	66	2016.8636	15	2.3971
5949	hybrid system	0.3869	-0.0685	7	220	1641	82	2016.9878	11.4634	1.3429
5983	hydrogen	0.2448	0.1004	9	152	769	40	2017.175	9.8	1.622
5992	hydrogen production	-0.0592	0.2158	9	97	361	20	2017.6	15.6	3.9128
5994	hydrogen storage	0.2406	0.2193	9	80	212	11	2016.2727	20.2727	1.5785
5995	hydrogen storage system	0.5492	-0.5778	1	60	143	7	2016.7143	19.8571	1.9063
6028	i-v	-0.2221	0.9044	5	209	1651	86	2017.186	13.3837	1.3699
6032	i-v characteristic	0.0711	0.9691	5	55	119	6	2014.3333	39.3333	2.4474
6035	i-v characteristics	-0.2474	0.9534	5	98	338	15	2017.6667	25.4667	2.8588
6038	i-v curve	-0.3225	0.8236	5	95	314	16	2017.1875	12.5	0.9393
6065	ideality factor	-0.3663	0.9372	5	47	83	5	2017.2	3.2	0.3993
6066	identification	0.6354	-0.5814	4	69	139	7	2016.2857	3.7143	0.2992
6083	igbt inverter	1.0894	0.9939	7	32	105	5	2017.8	1.2	0.115
6102	image	-0.5768	-0.0322	4	234	2171	135	2017.2	9.2741	1.2326
6106	image processing	-0.419	-0.0379	4	86	236	15	2016.6667	5.6667	0.4049
6205	incremental conductance	0.5894	0.8282	3	199	2136	108	2016.5278	7.4352	0.6732
6208	incremental conductance method	0.6812	0.9305	3	55	129	6	2015.6667	7.1667	0.6421
6224	india	-0.2358	-1.0542	1	47	79	5	2017.4	7.2	0.9721
6231	indicator	-1.1023	-0.3189	2	50	87	5	2019	0.6	0.1324
6240	indoor	-0.8616	0.1607	2	208	1785	94	2017.2234	10.0957	1.3072
6242	indoor air quality	-1.2678	0.4639	2	31	77	5	2018.4	4.8	0.5413
6258	induction motor	0.3568	0.9763	3	67	252	14	2016.4286	4.1429	0.3845
6266	inductor	0.9397	0.706	3	67	211	12	2017.9167	9.25	0.9417
6310	infrastructure	0.0879	-0.5129	9	78	176	8	2017.375	1.375	0.1487
6341	insolation	0.0102	0.6849	5	80	218	12	2016.1667	3.3333	0.2677
6343	instability	-0.9957	-0.4257	12	50	108	8	2017	2.75	0.2218
6368	integrated energy system	-0.6311	-0.3058	9	63	140	7	2018.4286	1.2857	0.4694
6390	integration	-0.796	0.1666	11	58	93	5	2015.8	1.2	0.104
6446	interleaved boost converter	0.778	0.7849	3	68	234	13	2017.4615	6.3846	0.7013
6479	internet of things	-0.0346	0.3945	11	90	275	16	2018.4375	1.0625	0.2719
6518	inverter	0.6501	0.2849	3	648	17644	989	2016.8251	6.1173	0.6859
6539	inverters	0.5819	-0.0973	6	95	334	19	2016.9474	10.7368	0.9792
6542	investment	-0.2532	-0.4447	1	56	115	7	2017.4286	13.2857	1.4076
6555	iot	-0.3327	-0.3192	4	68	120	6	2019.1667	0.1667	0.0757
6573	irradiance	-0.1769	0.5079	5	160	909	48	2016.9375	10.3542	1.1456
6584	irradiance forecast	-0.346	0.0661	9	53	105	5	2016.8	6.2	0.8056
6601	irradiation	-0.2564	0.2095	4	923	41138	2257	2017.0585	8.3208	0.9758
6634	islanding	0.3004	-0.0431	4	70	165	8	2017.25	8.375	1.1224
6667	iterative method	-0.252	0.7873	5	62	109	5	2018.2	8.6	1.0268
6706	just-in-time modeling	0.0762	-0.8169	4	43	81	5	2018	0.6	0.0527
6712	k-means	-0.2968	-0.3085	4	121	469	22	2017.9091	7.4091	1.2733
6728	kalman filter	0.2354	-0.3265	6	128	414	21	2015.7619	10.4286	0.8942
6742	kernel density estimation	0.0384	-0.765	4	61	140	7	2017.2857	7.8571	1.2445
6761	knn	-0.6983	-0.6393	4	89	333	17	2018	6.9412	1.543
6777	labview	0.0593	0.281	4	85	211	12	2016.1667	4.9167	0.5073
6798	lambert w function	0.1657	0.7701	5	63	141	8	2015.375	19.75	1.7139
6829	large-scale	-0.1153	-0.2138	1	444	5490	308	2017.1656	12.6429	1.3789
6857	lasso	-0.6056	-0.5845	4	38	74	5	2017.4	5.4	1.1918
6881	lcl filter	0.9252	0.3006	3	93	338	19	2017.1579	5.6316	0.7782
6883	lcoe	-0.0848	-0.2712	1	81	201	10	2017.5	10	0.7736
6897	lead acid battery	0.1788	-0.126	3	70	129	6	2018.5	13.5	6.5294
6903	lead-acid battery	0.5801	-0.0253	10	73	181	9	2016.1111	26.5556	1.9502
6909	leakage current	0.8166	0.3566	3	77	240	14	2017.3571	3.3571	0.817
6920	learning curve	-0.4761	-0.8192	1	38	81	5	2016.4	13.6	1.1925
6927	least square	-0.509	0.1197	5	188	1139	61	2017.4098	9.1639	1.0463
6928	least square method	-0.4581	0.5078	5	69	151	10	2017.3	0.4	0.0437
6956	levelized cost of electricity	-0.3732	-0.2546	1	78	153	8	2017.75	12.125	1.0261
6957	levelized cost of energy	-0.7446	0.2227	9	65	140	6	2016.1667	18.5	1.2021
6977	life cycle assessment	-0.4121	-0.5044	1	94	251	15	2017.2	11.7333	1.5656
6978	life cycle cost	0.7587	-0.5659	7	47	99	5	2018.2	10.4	2.2699
6989	lifetime	-0.0105	-0.0243	2	82	205	11	2017.5455	24.0909	2.1419
6996	lifetime prediction	-0.5376	-0.3167	10	54	92	6	2017.5	5.5	0.6445
7059	linear programming	-0.0178	-0.6602	1	89	214	11	2017.2727	6.2727	0.6975
7069	linearization	-0.3543	-0.0746	12	61	114	6	2016	4.5	0.3429
7081	lithium	0.4025	-0.432	10	200	1478	72	2017.1528	13.0139	1.3666
7083	lithium ion	0.5698	-0.5017	10	62	136	7	2017.2857	5.8571	0.8206
7087	lithium-ion	0.3399	-0.4336	10	171	963	43	2017.3953	17.3721	1.7829
7089	lithium-ion battery	0.3779	-0.4129	10	86	330	15	2017.6667	5.5333	0.8051
7099	load	0.3509	-0.198	6	888	37743	1960	2017.0801	7.9791	0.9553
7108	load flow	0.7104	0.0305	6	52	125	9	2016.7778	8.4444	0.8936
7114	load forecast	0.1213	-1.0877	1	66	155	6	2018.3333	3.8333	1.6316
7116	load forecasting	-0.1126	-0.8938	4	81	205	9	2017.8889	5.5556	0.5413
7117	load frequency control	0.8326	-0.3925	8	49	96	5	2015.4	2.6	0.2063
7120	load management	-0.3368	-0.9099	1	82	221	10	2016.9	6.7	1.0879
7123	load model	0.5429	-0.099	6	79	164	9	2017.7778	7.3333	0.768
7124	load modeling	0.525	-0.1893	6	131	466	24	2016.875	4.4167	0.3726
7132	load profiles	-0.2424	-0.7562	8	61	132	7	2016.2857	14.1429	1.2509
7140	load shedding	0.4854	-0.1202	8	47	85	5	2018	0.6	0.126
7141	load shifting	-0.4401	-0.7474	1	64	127	6	2016.5	23.5	1.6906
7208	long-term	-0.111	-0.3545	1	375	4034	219	2017.1187	14.1598	1.7191
7223	lookup table	0.2249	0.8146	7	41	89	5	2015	3.4	0.2816
7227	loss	-0.0099	0.1416	2	645	13239	727	2017.1953	9.8047	1.16
7235	loss of load probability	0.6886	-0.7365	7	52	107	5	2017.8	9.8	3.5663
7241	loss-free resistor	0.7004	0.971	3	41	105	5	2015.2	24.6	1.5295
7243	losses	-0.1963	0.1732	5	67	130	8	2017	4.75	0.4309
7248	low carbon	0.0368	-0.8224	1	162	1048	55	2017.1818	13.2727	1.4118
7256	low concentration	-0.9261	0.2007	2	111	452	24	2016.9583	11.2083	1.3176
7263	low frequency	0.3837	0.0434	3	125	496	30	2016.4333	7.2667	0.814
7278	low voltage	0.6421	-0.2096	6	349	3750	204	2016.8725	6.3088	0.7532
7287	low voltage network	0.6578	-0.4127	6	45	72	5	2017	4.2	0.3843
7308	low-pass filter	0.8776	-0.0021	10	40	64	5	2015.2	12.4	1.0067
7329	lstm	-0.5096	-0.5857	4	134	791	37	2019.0811	5.0541	1.4568
7351	lv network	0.6432	-0.8008	6	45	89	5	2017.6	2.2	0.187
7354	lvrt	0.5744	0.307	8	65	143	8	2016.625	6	0.639
7370	machine learning	-0.2864	-0.2253	4	936	44377	2296	2017.3171	9.4094	1.1818
7398	maintenance	-0.5178	-0.2012	1	79	209	11	2018.0909	5.3636	1.7587
7406	malaysia	-0.29	-0.826	1	58	98	5	2017.6	27	2.9888
7413	management	0.1199	-0.4467	1	694	17539	870	2017.1437	9.5448	1.1265
7434	market	-0.0627	-0.8488	1	145	632	36	2017.5278	5	0.721
7446	markov chain	-0.2202	-0.1822	4	68	132	6	2016.8333	2	0.1132
7450	markov model	0.9478	-0.7426	7	58	112	6	2016.8333	2.6667	0.2378
7491	mathematical model	-0.3635	0.4495	5	158	822	48	2017.0417	7.6042	0.6671
7493	mathematical modeling	-0.5076	0.3661	2	150	683	39	2017.4359	8.0513	1.2376
7502	matlab	0.2358	0.5399	5	320	3345	180	2016.8167	4.2611	0.4518
7508	matlab simulation	0.1297	0.9281	11	51	97	6	2017.6667	0.5	0.0788
7510	matlab simulink	0.4523	0.3776	10	67	142	8	2017.375	2.375	0.3424
7537	maximum power	-0.4973	0.7714	5	77	229	11	2017	5.6364	0.4836
7542	maximum power point	0.1269	0.7306	5	106	338	17	2016.5882	5.4118	0.6198
7559	mean absolute error	-0.619	-0.1437	4	182	1087	53	2017.8491	6.7925	1.0718
7560	mean absolute percentage error	-0.4941	0.2313	5	43	96	5	2016.4	9.4	0.9139
7561	mean bias error	-0.0946	0.0604	5	785	17759	997	2017.0873	8.657	1.0093
7566	mean squared error	-0.3856	0.1111	4	183	912	45	2017.6889	3.4	0.5913
7572	measurement	-0.2743	0.1475	2	630	13369	771	2016.8716	9.4786	1.0293
7592	mechanism	-0.2119	-0.0666	12	384	4461	277	2017.2058	8.8917	1.1085
7640	mesoscale processes	-1.0853	-0.457	12	32	64	5	2016	7.8	0.6341
7688	meteorology	-0.5103	-0.0959	4	429	7195	380	2017.1211	8.5632	1.1174
7701	method	0.049	0.0283	4	1046	54736	3053	2017.1428	8.5244	1.0991
7733	micro grid	0.6241	-0.6303	1	116	429	20	2016.2	5.7	0.7002
7745	micro-grid	0.3965	-0.3539	10	158	817	40	2016.725	7	0.937
7748	micro-grids	-0.1412	-0.7347	4	60	140	7	2016.5714	1.5714	0.1627
7772	microgrid	0.4147	-0.387	1	585	14275	701	2017.1569	8.612	1.0685
7796	microgrids	0.3242	-0.4626	6	215	1379	62	2016.9677	9.129	1.0491
7797	microinverter	0.7528	0.7062	3	72	198	11	2017.2727	3.3636	0.6404
7884	mixed integer linear programming	0.1563	-0.8397	1	124	491	23	2017.913	7.8261	1.1467
7897	mixed-integer linear programming	0.4392	-0.9466	1	70	166	8	2018.5	13.75	1.6092
7933	model	-0.0325	0.0485	2	1121	128289	7512	2017.0172	8.4855	0.9892
7961	model predictive control	0.5057	-0.3922	1	188	1143	54	2017.5741	12.6667	1.4185
7967	model validation	-0.1209	0.1583	8	71	191	12	2016.4167	4.5833	0.7285
7972	modelica	0.1314	-0.227	11	71	162	8	2017.125	13.625	1.4694
7973	modeling	0.0707	0.1201	2	1091	80411	4608	2016.959	8.8049	1.0032
7981	modeling and simulation	0.0754	0.0811	1	125	512	28	2016.6429	7.7143	0.5394
8027	modelling	-0.0137	0.3341	2	303	2657	150	2016.7533	9.5667	0.8594
8031	modelling and simulation	-0.3576	0.1948	1	80	212	12	2017.5	3.6667	0.8918
8044	models	-0.6731	0.4703	4	46	72	5	2017.4	1.6	0.1355
8045	models and modeling	-1.0911	-0.4301	12	43	79	6	2015.8333	7.1667	0.5578
8085	module	-0.0718	0.4621	5	842	31281	1754	2016.9601	8.4903	0.9569
8090	module integrated converter	0.8874	0.6977	3	50	119	6	2015.6667	17.1667	1.1909
8102	module temperature	-0.6763	0.3071	4	67	195	11	2016.4545	5	0.4148
8131	monitoring	-0.1245	0.4627	8	156	862	46	2017.1087	5.1304	0.5055
8135	monitoring system	-0.5615	0.1387	2	66	160	8	2017.125	10.125	0.8858
8151	monte carlo	0.3928	-0.6248	6	75	159	8	2016.625	4.75	0.4242
8155	monte carlo method	0.3888	-0.5733	8	85	247	14	2017.2143	14.7857	2.9046
8158	monte carlo simulation	0.1766	-0.5066	7	132	577	31	2017.8065	6.2581	0.9247
8159	monte-carlo simulation	0.1076	0.3464	6	53	96	6	2018	7.1667	0.7281
8191	mpp	0.5106	0.644	3	531	14676	762	2016.6509	7.1365	0.7418
8197	mppt	0.4621	0.6176	3	607	19242	1004	2016.744	7.5448	0.8008
8225	multi-agent system	0.0845	-0.7562	6	86	304	16	2017.4375	3.9375	0.7123
8264	multi-junction solar cell	-0.4557	0.9857	2	83	240	13	2016.2308	8.0769	0.5714
8290	multi-objective	0.0561	-0.6297	1	255	2428	116	2017.4828	9.9052	1.535
8299	multi-objective optimization	0.0167	-0.5883	1	131	508	24	2017.4583	5.6667	0.9736
8363	multijunction solar cell	-0.9358	0.8907	2	44	110	7	2016.5714	2.8571	0.348
8370	multilevel	0.8551	0.3351	3	202	1827	104	2016.7115	6.9712	0.7141
8371	multilevel converter	0.9185	0.4849	3	55	149	9	2016.1111	5	0.3843
8374	multilevel inverter	0.96	0.315	3	103	456	23	2017	11.6087	0.9499
8383	multiobjective optimization	-0.0909	-0.5701	1	88	218	10	2017.2	22.6	2.5937
8398	multiple linear regression	-0.712	0.3854	4	63	159	8	2016.875	5.125	0.4881
8495	nanofluid	-1.0498	0.2586	2	60	196	10	2019	9.3	4.2048
8512	narx	-0.4245	-0.2219	4	54	112	5	2017.2	6.6	0.4903
8528	natural convection	-1.1224	0.6114	2	42	85	5	2016.8	9.2	0.8402
8567	nelder-mead	0.0153	-0.3783	1	305	2249	115	2017.5826	16.3739	1.529
8578	net metering	-0.0057	-0.2814	1	65	152	9	2016.7778	9.7778	0.6747
8583	net present cost	-0.0058	-0.4628	7	37	88	5	2017.4	3.8	0.416
8598	network	0.2659	-0.3329	6	353	3661	202	2017.2921	6.3119	0.8911
8618	neural network	-0.2254	-0.2224	4	893	36302	1848	2017.2695	9.717	1.2118
8650	new energy	0.1636	-0.3555	11	188	1321	73	2017.2192	2.8767	0.7328
8670	newton-raphson	-0.0792	0.1515	5	96	240	14	2017.0714	2.5714	0.2478
8696	noise	-0.0703	0.1002	4	198	1193	66	2017.303	4.5606	0.6261
8721	non-linear	0.1807	0.2143	3	640	11888	589	2017.1885	8.4007	1.0063
8739	non-uniform	-0.2944	0.5549	2	197	1465	83	2016.8795	8.3976	0.8632
8811	nowcasting	-0.6177	-0.5602	4	48	97	5	2017.6	14.8	1.7736
8820	nsga-ii	-0.0817	-0.4285	1	59	115	6	2017.1667	8	1.7342
8827	numerical analysis	-0.7423	0.5884	2	70	146	7	2019.1429	0.8571	0.3896
8828	numerical analysis/modeling	-1.1057	-0.4776	12	37	74	6	2016.8333	2.3333	0.2165
8834	numerical method	-0.0901	0.6959	5	45	75	5	2017.4	2.2	0.3465
8836	numerical model	-0.7619	0.491	2	73	194	13	2016.6923	4.0769	0.4568
8837	numerical modeling	-0.9027	0.4122	2	106	399	24	2017.8333	3.0417	0.8841
8842	numerical simulation	-0.8501	0.2748	2	104	396	25	2016.92	9.88	1.1408
8847	numerical weather prediction	-0.771	-0.3581	12	177	1345	76	2016.75	12.0263	1.2887
8849	numerical weather prediction/forecasting	-1.0855	-0.4932	12	59	149	9	2016.7778	7.1111	0.6229
8854	nwp	-0.5978	-0.1254	4	58	113	6	2017.1667	2.3333	0.558
8888	off-grid	0.4443	-0.1636	6	89	276	15	2016.4667	10.9333	0.7548
8924	one diode model	-0.2789	0.7017	5	77	167	9	2017	3.6667	0.3342
8932	one-diode model	-0.2017	1.0473	5	63	148	10	2017.3	10.1	1.732
8935	online	0.1625	0.1639	3	708	14624	735	2017.1646	8.2939	0.9698
8964	open circuit voltage	-0.4047	0.96	5	44	78	5	2016	9.2	0.8557
8981	opendss	0.708	-0.4852	6	60	128	7	2015.8571	3.1429	0.2162
8984	operatation	0.1409	-0.1627	1	933	33579	1756	2017.1714	9.7238	1.1391
8997	operation	0.2594	-0.7049	1	168	1041	52	2016.4615	10.5	1.5112
9018	operational planning	0.5264	-0.8306	6	59	128	6	2018.3333	6.5	2.262
9037	optical modeling	-0.8383	0.5667	2	71	191	12	2017.3333	8.5	1.2203
9055	optimal control	0.3235	-0.2277	1	94	307	15	2017.8667	16.5333	2.1954
9057	optimal design	-0.1532	-0.2313	8	56	101	5	2017.2	6.4	4.7617
9066	optimal energy management	0.5186	-0.7212	6	59	138	6	2018.1667	2	0.7748
9075	optimal operation	0.3052	-0.9	1	71	216	10	2016	12.7	1.3574
9082	optimal power flow	0.9372	-0.8446	6	67	221	12	2017.25	1.6667	0.3621
9093	optimal sizing	-0.0837	-0.1546	6	91	238	12	2016.25	8.5833	1.2757
9102	optimisation	-0.1199	-0.0296	2	114	315	15	2017.1333	8.8667	1.3622
9105	optimization	-0.0638	-0.0382	1	1112	92742	5090	2017.1546	9.7065	1.1623
9106	optimization algorithm	-0.1121	0.6089	5	74	147	8	2016.875	12.375	1.0986
9110	optimization method	0.587	0.3616	3	90	230	11	2018.5455	8.0909	3.0475
9111	optimization model	-0.24	-0.8464	1	105	396	22	2016.8182	12.8182	1.2975
9156	organic	-0.7881	0.5271	2	190	2090	140	2017.0143	24.5643	2.1922
9164	organic photovoltaic	-0.7719	-0.1238	1	58	163	10	2017.2	9.7	1.1925
9168	organic rankine cycle	-0.6982	-0.0351	2	51	130	6	2017.5	20.8333	2.6641
9170	organic solar cell	-1.0279	0.5904	2	43	108	7	2018.1429	2	0.1779
9172	orientation	-0.4609	-0.6715	1	45	99	5	2018.4	3.2	0.5856
9190	outdoor	-0.6114	0.4563	2	271	2905	150	2017.1133	9.02	0.9899
9205	output	0.0511	0.163	3	947	35719	1895	2017.1198	7.4755	0.923
9215	output power	0.0266	0.3832	8	49	102	6	2016	6.8333	0.7307
9233	overvoltage	0.386	-0.8735	6	68	154	9	2015.7778	32	2.2982
9249	p&o	0.3738	0.8163	5	83	289	14	2017.2857	9.1429	1.2813
9250	p&o algorithm	0.5368	0.8357	3	44	104	6	2015.8333	22	1.2951
9256	p-q	0.9837	0.1882	3	61	101	5	2017.4	2	0.2132
9259	p-v	0.0222	0.9157	5	120	507	26	2017.4231	11	1.2806
9296	parabolic trough	-0.7953	-0.2864	2	53	94	5	2017.8	11	1.3512
9297	parabolic trough collector	-1.0902	0.5873	2	41	77	5	2018	17.4	2.4293
9325	parameter	-0.2403	0.319	5	912	33434	1850	2017.1103	8.5854	1.0779
9329	parameter estimation	-0.0022	0.5679	5	152	855	42	2016.8333	15.7857	1.8954
9331	parameter extraction	-0.0667	0.8273	5	131	782	40	2017.025	16.6	1.6321
9334	parameter identification	0.1117	0.8041	5	108	426	23	2016.7391	13	1.955
9350	parameters extraction	0.0569	0.7163	5	73	235	12	2017.5	5.5	0.8731
9371	pareto	-0.1084	-0.9876	1	54	102	5	2018.6	3	0.7963
9392	partial shading	-0.0029	0.8539	5	192	1570	84	2017.25	8.3333	0.9526
9394	partial shading condition	0.1812	0.8681	5	67	229	13	2018.1538	16.4615	2.5367
9396	partial shading conditions	0.0912	1.2779	5	57	166	10	2018.1	11.5	4.1244
9417	particle swarm	0.0032	0.0579	5	356	4217	203	2017.3695	9.5616	1.596
9420	particle swarm optimization	-0.1578	0.0555	5	214	1493	67	2017.2985	13.1194	2.3952
9429	passive cooling	-1.0096	0.4174	2	53	130	6	2016.6667	8.1667	1.0479
9461	pca	-0.5394	-0.1049	4	112	497	27	2017.5185	3.8519	0.5843
9481	peak shaving	0.0731	-0.9118	1	93	313	15	2017.3333	4.3333	0.9553
9512	pem fuel cell	0.3727	0.2143	9	73	150	8	2016.625	6	0.7319
9527	performance	-0.1881	0.2261	2	1033	50201	2757	2017.1752	10.2699	1.2577
9528	performance analysis	-0.055	0.32	9	74	187	10	2017.1	5.7	0.6652
9531	performance assessment	-0.4938	0.6322	8	43	75	5	2017.4	27.4	2.4467
9537	performance evaluation	-0.649	0.0342	2	87	272	14	2017.1429	15	1.4756
9555	performance prediction	-0.6278	0.2835	4	64	136	6	2018	3.5	1.5948
9557	performance ratio	-0.2602	0.359	9	86	273	15	2018	9.6667	0.9787
9569	permanent magnet synchronous generator	0.7923	0.1776	8	47	122	6	2016.5	10	0.7356
9576	perovskite	-0.764	0.9506	2	43	103	8	2017.125	16.125	3.1764
9579	perovskite solar cell	-0.7103	0.6297	2	62	161	9	2017.6667	19.8889	3.7099
9595	perturb & observe	0.7824	0.8566	3	66	179	9	2015.3333	7.5556	0.6768
9599	perturb and observe	0.1583	0.297	3	588	9575	505	2017.1604	8.2911	0.9486
9616	perturbation and observation	0.5295	1.1738	3	49	115	6	2018.5	2.3333	0.4128
9637	phase change material	-1.071	0.279	2	77	340	19	2017.3158	20.1579	2.7732
9639	phase change materials	-0.9584	0.1935	2	84	260	13	2018.2308	12.0769	4.8787
9646	phase locked loop	1.0333	0.3027	3	49	112	7	2017.5714	2	0.1575
9672	photo voltaic	0.778	-0.1827	3	57	114	7	2017.2857	1.4286	0.1514
9684	photo-voltaic	0.5816	-0.8412	1	79	173	10	2018.3	4.5	0.9456
9709	photoluminescence	-0.4707	0.7027	2	38	67	5	2016.6	2.8	0.2459
9719	photovolatic	-0.1557	-0.424	4	56	91	5	2018.2	3.2	1.1731
9720	photovoltaic	0.034	0.0933	3	1110	122626	7053	2017.0359	8.9991	1.0325
9722	photovoltaic  array	0.5959	0.9974	3	78	225	11	2016.9091	13.9091	1.1163
9725	photovoltaic  cell	0.1951	0.915	3	62	124	6	2016.6667	26.5	2.0113
9735	photovoltaic  generation	0.4743	-0.0354	9	73	150	8	2016.25	17.25	1.3817
9744	photovoltaic  module	-0.1837	0.7275	5	103	362	19	2017	15.1579	1.2027
9752	photovoltaic  power	-0.3522	-0.6004	1	59	126	7	2016.5714	8.1429	0.6936
9753	photovoltaic  power forecasting	-0.7865	-0.0894	4	45	100	5	2017.6	40	3.4214
9754	photovoltaic  power generation	0.4436	-0.1973	10	92	268	13	2017.3077	18.2308	1.7461
9758	photovoltaic  power system	0.9476	0.5283	3	74	199	11	2015.5455	40.6364	3.1609
9764	photovoltaic  system	0.4684	0.2733	3	213	1251	66	2016.6364	11.1364	1.1469
9778	photovoltaic array	0.4508	0.4103	7	174	861	45	2016.8667	7.7111	0.694
9795	photovoltaic cell	-0.2827	0.6378	2	240	2085	125	2016.48	7.928	1.0147
9825	photovoltaic efficiency	-1.1844	0.712	2	46	83	5	2017.2	11	0.8453
9830	photovoltaic energy	-0.1153	-0.104	4	137	606	35	2016.0857	10.3714	0.8042
9845	photovoltaic forecasting	-0.7691	-0.2442	4	52	101	5	2018.8	2.8	1.1538
9846	photovoltaic generation	0.2986	-0.3884	6	166	875	47	2016.617	6.2766	0.8318
9852	photovoltaic generation system	0.7682	0.4509	3	73	157	9	2016.5556	4.7778	0.5249
9854	photovoltaic generator	0.5171	0.3774	8	125	515	27	2016.2222	2.8889	0.2611
9855	photovoltaic generators	0.2008	0.0776	12	60	113	6	2016.3333	5.3333	0.7272
9875	photovoltaic inverter	1.18	-0.0801	3	68	192	10	2017.2	2.1	0.5068
9882	photovoltaic model	0.0246	1.0383	5	65	153	8	2017.375	10.125	0.986
9883	photovoltaic modeling	-0.2573	0.8347	5	131	607	31	2017.5161	11.7742	1.858
9885	photovoltaic module	-0.4516	0.5793	5	224	2122	118	2016.9492	7.839	0.8206
9900	photovoltaic panel	-0.1965	0.6174	2	133	626	39	2016.6154	4.2821	0.3812
9904	photovoltaic panels	-0.0943	0.2274	7	119	460	28	2017.3214	3.5	0.4507
9911	photovoltaic plant	-0.0227	0.2641	8	67	142	8	2016.125	3.625	0.3667
9912	photovoltaic plants	0.1414	0.2275	4	63	149	8	2017.75	4.75	1.0739
9914	photovoltaic power	-0.125	-0.2879	4	170	952	51	2017.549	2.7451	0.6205
9918	photovoltaic power forecast	-0.6375	-0.6805	4	56	155	8	2017.125	16.125	1.6263
9919	photovoltaic power forecasting	-0.7642	-0.3212	4	92	390	19	2017.8947	15.5263	2.5146
9920	photovoltaic power generation	0.2471	-0.3969	10	142	878	45	2016.5556	2.3778	0.4145
9931	photovoltaic power plant	-0.0911	-0.0776	8	97	372	20	2016.8	7.9	0.6763
9932	photovoltaic power plants	0.1989	-1.0433	6	56	113	6	2016.1667	6.6667	0.5191
9933	photovoltaic power prediction	-0.7594	-0.4932	4	63	208	11	2018.4545	5.4545	1.1043
9937	photovoltaic power station	0.1716	0.038	11	68	176	9	2016.3333	0.5556	0.0534
9938	photovoltaic power system	0.6128	0.3417	3	145	659	34	2016.8529	12.2059	1.3935
9958	photovoltaic solar energy	-0.798	0.2753	2	67	149	8	2017.75	2.375	0.2195
9960	photovoltaic solar panel	-0.5344	0.8785	2	44	75	5	2017.4	1.2	0.1754
9971	photovoltaic system	0.3787	0.2432	3	447	6966	370	2016.9405	7.2027	0.8226
9981	photovoltaic thermal	-1.3203	-0.0553	2	40	102	6	2018.5	13.5	2.174
9986	photovoltaic thermal system	-1.277	0.3416	2	48	113	6	2018.1667	14	3.5021
9995	photovoltaic water pumping system	0.3369	0.8556	3	51	117	7	2015.4286	12.4286	0.8743
10002	photovoltaic-thermal	-0.9052	0.3805	2	53	105	5	2016.4	18.4	1.1102
10021	photovoltaic/thermal	-1.1063	0.0344	2	56	182	9	2016.7778	15.2222	1.7973
10023	photovoltaic/thermal collector	-1.2659	0.1418	2	41	99	5	2017.6	7	1.4213
10037	photovoltaics	0.2941	0.0657	11	86	248	14	2017.7143	12.1429	1.4543
10068	physical model	-0.5952	0.2986	2	52	84	5	2016	4.6	0.5294
10081	pi controller	0.868	0.4581	3	120	493	24	2017.0833	5.2083	0.4297
10088	pid	0.1822	-0.0023	3	541	7215	404	2017.0124	9.8515	1.2454
10090	pid controller	1.1437	0.3044	3	61	131	6	2017.8333	2.6667	1.7115
10115	planning	0.1967	-0.7523	6	218	1636	79	2017.4051	10.3291	1.3709
10117	plant	-0.0039	-0.1605	8	268	2003	104	2017.0769	9.7885	1.1532
10137	platform	-0.1343	-0.6142	1	66	120	8	2016.75	1.875	0.1835
10138	plc	0.4319	0.8976	7	44	83	5	2016	1.6	0.5279
10143	pll	0.751	0.7518	3	65	188	11	2017.2727	3.9091	0.2804
10150	plug-in electric vehicle	0.3294	-0.9364	1	80	169	8	2015.875	18	1.5425
10153	plug-in electric vehicles	0.5381	-0.5514	1	56	128	7	2017	11.2857	1.1535
10170	pmsg	0.1554	0.6141	7	54	153	7	2017	1.7143	0.1967
10174	po	0.5769	0.6175	3	53	119	7	2017.8571	0.7143	0.0824
10195	policy	-0.1658	-0.6751	1	342	4266	250	2017.3	13.424	1.6367
10208	pollution	-0.9867	0.092	2	49	90	6	2017.8333	8	2.2635
10267	potential vorticity	-1.1263	-0.4597	12	76	404	33	2017.0303	6	0.6684
10273	power	0.1454	0.0476	3	1105	99375	5460	2017.0575	8.1614	0.9781
10297	power control	0.8487	-0.0121	10	79	166	10	2015.9	2.1	0.1273
10303	power converter	0.7439	-0.051	3	103	276	13	2016.5385	6.5385	0.5233
10320	power distribution	0.7333	-0.3568	6	94	382	18	2016.2778	7.6111	0.6186
10331	power electronic converter	1.1832	-0.4205	10	48	108	5	2017.4	2.2	0.3104
10336	power electronics	0.6221	0.3825	3	134	518	27	2016.4444	6.2963	0.5195
10343	power estimation	-0.4435	0.4255	8	52	94	5	2018.6	2.6	0.27
10344	power factor	0.5146	0.1101	9	57	103	6	2017.1667	1.1667	0.1131
10351	power flow	0.6148	-0.3767	6	76	197	11	2017.6364	10.5455	0.9395
10361	power fluctuation	0.6009	-1.0692	1	54	98	5	2016.2	4	0.5215
10366	power forecasting	-0.4458	0.1017	4	93	334	16	2016.9375	5.8125	1.0938
10368	power generation	-0.0688	-0.4971	1	102	305	14	2016.9286	12.0714	1.0952
10401	power line communication	0.3442	0.7932	7	51	81	5	2014.4	5.2	0.4262
10407	power management	0.3711	-0.1005	9	242	1971	97	2016.6082	12.1134	1.1165
10422	power output	-0.4853	0.3482	4	84	225	11	2017.6364	13.5455	1.1684
10431	power plant	-0.0367	-0.182	8	573	9452	503	2017.3579	7.6819	0.9287
10438	power prediction	-0.3152	0.1269	4	142	765	42	2016.9524	2.2857	0.3557
10445	power quality	0.7368	0.0116	3	208	1402	77	2017.0909	4.6623	0.4996
10478	power system	0.191	-0.5823	1	142	543	27	2017.1481	7.0741	0.8016
10480	power system analysis computing	0.8498	-0.1425	6	72	158	7	2016	9.1429	0.8407
10487	power system harmonics	0.7815	0.0435	8	43	86	5	2017.8	8.6	0.8744
10494	power system measurements	0.792	-0.1113	6	61	148	6	2016	11.6667	1.0954
10495	power system modeling	0.5129	-0.238	6	148	749	40	2016.725	14.25	1.4183
10502	power system planning	0.4198	-0.5809	6	85	251	11	2017.0909	8.7273	0.683
10504	power system reliability	0.6375	-0.6948	6	75	252	11	2017	5.2727	0.4183
10508	power system simulation	0.7317	-0.0812	6	97	340	17	2017.0588	11.9412	1.0406
10510	power system stability	0.5034	0.5867	9	68	239	13	2016.0769	24.6154	1.8157
10560	prediction	-0.2488	-0.157	4	918	42929	2424	2017.1605	8.7776	1.0628
10561	prediction algorithm	-0.2869	0.4972	11	49	89	6	2017.6667	1.6667	0.1463
10563	prediction error	0.0882	-0.5673	8	78	189	9	2017.3333	3.8889	0.6016
10564	prediction interval	-0.0712	-0.7405	4	89	225	12	2017.5833	7.6667	1.2427
10567	prediction intervals	-0.2609	-0.7257	4	71	139	8	2017	14.375	1.3218
10570	prediction method	-0.174	0.4404	3	52	107	5	2015	4.6	0.3567
10571	prediction model	-0.0901	0.2643	4	96	228	11	2017.3636	13.1818	1.3794
10584	prediction uncertainty	0.7691	-0.8906	10	46	182	9	2016.1111	6	0.6714
10589	predictive control	0.9251	0.2294	3	102	340	16	2017.25	13	1.4179
10599	predictive model	-0.1561	0.2265	11	112	261	12	2016.8333	11.8333	0.9492
10627	principal component analysis	-0.5096	0.0518	4	67	148	8	2018.125	1.875	0.4018
10648	probabilistic	0.3329	-0.8736	6	54	94	5	2017.2	6.8	1.0432
10657	probabilistic forecasting	-0.3234	-0.5803	4	71	155	9	2018	20.1111	2.581
10660	probabilistic load flow	0.6614	-0.321	6	73	209	11	2017.3636	10.3636	1.1241
10664	probabilistic model	0.5616	-0.4364	6	52	96	5	2016.2	1.8	0.1144
10703	process variation	-1.1485	0.0045	2	34	63	5	2016.8	5.6	0.5045
10729	property	-0.6207	0.2018	2	83	222	14	2017.7857	7.9286	1.3133
10733	proportional integral controller	1.1048	0.6999	3	49	101	5	2015.8	0.8	0.0488
10758	prosumer	-0.0791	-0.7097	1	73	139	7	2017.8571	16.1429	1.7823
10760	prosumers	-0.0511	-0.8857	1	65	137	7	2018.8571	2.4286	0.7531
10761	protection	0.2395	-0.0407	6	276	2277	122	2017.3279	4.1967	0.5394
10771	proton exchange membrane fuel cell	0.2763	0.3625	9	55	93	5	2015.6	16.8	1.3548
10782	pscad	0.7037	0.095	8	71	228	12	2014.75	5.9167	0.5011
10785	pscad/emtdc	0.7065	-0.4281	6	50	108	6	2017	3	0.2949
10794	pso	0.307	0.1048	6	94	278	14	2016.6429	9	0.8937
10820	pulse width modulation	0.9723	0.2696	3	110	541	28	2016.8929	2.8571	0.2887
10821	pulse width modulation converter	0.8971	0.2571	11	37	83	5	2015.8	1.4	0.2403
10847	pv	0.2933	0.016	3	349	3333	177	2017.0904	7.7797	0.8706
10864	pv array	0.2169	0.7368	3	155	852	48	2017.4583	1.8958	0.2846
10874	pv arrays	-0.179	-0.0561	4	56	102	5	2016.8	7.6	1.3647
10882	pv cell	0.1974	0.6687	5	149	635	39	2016.6667	6.7436	1.0106
10885	pv cell modeling	-0.1247	0.7132	2	59	127	8	2015.875	11.75	1.0906
10909	pv curve	0.7289	0.1316	6	57	102	7	2016.8571	2.7143	0.2681
10931	pv forecasting	-0.3846	-0.8509	4	66	141	7	2017.4286	11.2857	1.2819
10934	pv generation	0.4093	-0.5163	6	105	323	16	2017.5625	4	0.7577
10938	pv generator	0.5394	0.2827	9	66	147	8	2016.625	3.875	0.8335
10955	pv integration	0.6095	-0.7721	6	58	133	8	2017.5	3.125	0.4242
10958	pv inverter	0.7392	0.3109	3	80	253	15	2017.4667	4.4667	0.5043
10973	pv model	0.0194	0.4214	5	100	285	15	2017.2	4.7333	0.5414
10975	pv modeling	-0.1297	0.5758	5	170	961	56	2017.2321	12.25	1.2198
10976	pv module	-0.0479	0.7014	5	194	1279	75	2016.7333	5.8533	0.6362
10982	pv module modeling	-0.1612	0.3593	2	65	147	7	2015.5714	31.5714	2.3914
11002	pv panel	-0.4292	0.6151	2	122	433	25	2017.24	6.32	0.7818
11010	pv panels	0.1326	-0.3986	7	79	157	8	2017.875	3.75	0.3814
11015	pv penetration	0.6893	-0.1233	6	47	89	5	2017.2	1.8	0.1929
11018	pv performance	-0.2979	-0.5222	4	65	147	8	2017.625	5.875	0.8885
11025	pv plants	0.2338	0.1637	8	42	73	6	2015.6667	13	1.2828
11027	pv power	-0.222	-0.4212	4	109	337	17	2017.7059	7.2941	0.8491
11034	pv power forecasting	-0.5904	-0.724	4	87	308	15	2017.7333	11.4667	1.7148
11037	pv power generation	-0.3517	0.3629	4	65	142	7	2016	4.4286	0.2636
11046	pv power plant	0.1705	0.3403	8	57	131	7	2017.7143	5	0.4589
11048	pv power prediction	-0.4485	0.1797	9	66	196	9	2018.6667	6.5556	1.2305
11051	pv power system	0.2818	0.6016	3	52	95	5	2016.2	25.2	2.458
11057	pv pumping	0.9713	-0.484	7	38	87	5	2017.2	8	0.5848
11063	pv simulation	0.2653	0.0428	3	53	90	5	2016.6	8.6	0.8401
11064	pv simulator	-0.3822	0.8523	2	54	103	5	2018	2.4	0.4095
11067	pv solar	0.2194	-0.4048	11	60	93	5	2015.8	3.8	0.2186
11085	pv system	0.3226	0.2826	3	281	2358	132	2016.9848	4.7955	0.6007
11088	pv system modeling	0.1689	0.9602	5	69	146	7	2016.1429	15.2857	1.1954
11098	pv technologies	-0.4851	0.9706	5	47	121	7	2016.8571	14.5714	1.5441
11174	pv/t	-0.9677	0.2341	2	60	162	8	2017.625	7.25	2.4721
11178	pv/t collector	-0.8785	0.5945	2	51	142	7	2016.2857	2.8571	0.3497
11203	pvgis	-0.1205	0.09	8	54	124	6	2017.8333	4.8333	2.1373
11216	pvsyst	-0.374	0.2938	4	54	97	5	2015.8	12.4	1.1445
11220	pvt	-0.8348	0.1178	2	82	355	18	2016.6111	12.2222	1.1324
11236	pwm	0.7511	0.55	3	98	368	21	2016.7619	2.8571	0.2312
11238	pwm inverter	0.7185	0.5211	3	56	100	5	2016	4	0.3051
11279	quantile regression	-0.4968	-0.635	4	57	124	7	2018	22	2.8118
11306	quasi z-source inverter	1.1474	0.794	3	49	123	6	2017.6667	3.1667	0.4076
11325	quasi-z-source inverter	0.839	0.118	10	63	186	10	2016.6	7.9	0.9317
11352	radial basis	-0.8918	0.0846	8	85	287	14	2016.4286	4.2143	0.415
11368	radiation	-0.403	0.0876	8	273	2664	146	2017.2055	6.6575	1.1343
11414	random forest	-0.5354	-0.3822	4	173	937	44	2018.2273	12.1818	1.6825
11417	random forests	-0.5746	-0.3847	4	67	155	8	2016.75	11.25	1.6739
11441	ray tracing	-1.0094	0.6491	2	65	168	10	2017.8	5.8	0.7408
11469	reactive power	0.656	0.0904	3	133	416	22	2017.4545	3.9091	0.4407
11471	reactive power compensation	0.8457	0.2222	3	59	122	7	2016.5714	4.5714	0.3975
11472	reactive power control	0.9117	-0.254	6	104	397	21	2016.4762	10.2857	0.9177
11500	real-time	0.6153	0.0616	6	54	107	6	2018.3333	4.5	1.0458
11525	real-time simulation	0.6977	0.002	11	76	227	13	2017.5385	3.5385	0.3982
11607	regression	-0.4666	-0.2366	4	427	7133	363	2017.4215	9.8375	1.2463
11609	regression analysis	0.0221	-0.0945	3	86	207	10	2017.5	10.2	1.0936
11625	reinforcement learning	-0.0329	-0.5748	1	112	389	22	2018.3182	5.4091	0.9012
11642	reliability	0.1586	-0.0353	4	723	16473	853	2017.1735	9.4103	1.1184
11644	reliability assessment	0.1598	-0.787	8	45	94	5	2017.4	0.8	0.0842
11652	reliability evaluation	0.753	-0.7734	7	63	134	7	2018	1.7143	0.3818
11682	renewable	-0.0025	-0.5114	4	86	196	12	2016.9167	2.6667	0.2181
11693	renewable energies	0.2305	-0.2374	4	92	259	15	2016.2667	7.5333	0.6933
11695	renewable energy	0.1305	-0.2732	1	893	33228	1697	2017.1237	8.8574	1.1417
11707	renewable energy forecasting	-0.3393	-1.0631	4	56	104	5	2019	4	1.6615
11710	renewable energy integration	-0.146	-1.0161	1	55	95	5	2016.2	17.8	1.4229
11721	renewable energy resource	0.3509	-0.5264	6	108	291	13	2017.0769	12	1.3523
11725	renewable energy source	0.2397	-0.3001	1	608	11813	581	2017.0878	8.0258	1.0259
11726	renewable energy sources	0.3063	-0.4254	1	279	2312	106	2017.1132	6.6698	0.8146
11730	renewable energy system	0.3057	-0.3304	1	164	835	41	2016.5366	18.439	2.0922
11739	renewable generation	0.3953	-0.9978	6	53	127	8	2015.75	2.25	0.1683
11760	renewable sources	0.8345	-0.4436	7	77	190	9	2018.1111	3.6667	1.0511
11767	renewables	0.383	-0.7201	6	88	181	10	2015.6	41.5	3.4434
11777	res	0.4974	-0.6602	6	65	135	7	2017.2857	2.7143	0.2213
11790	residential	0.2282	-0.1852	1	64	120	6	2018	7.3333	1.5169
11796	residential building	-0.2417	-0.6823	11	67	149	7	2016.2857	22.2857	1.8324
11853	resonance	0.6185	0.2106	8	53	95	6	2017.6667	13	1.4587
11863	resource	0.1205	-0.5415	6	243	1805	83	2017.241	9	1.1579
11870	response surface method	-0.3435	0.71	5	30	74	6	2017	9	0.9975
11902	reverse power flow	0.794	-0.5329	6	59	97	5	2019.2	3.6	0.567
11928	risk	0.1812	-0.8064	1	59	122	7	2015.5714	13.5714	1.0009
11930	risk assessment	0.1502	-0.0727	4	57	91	6	2016.3333	10.3333	1.1077
11947	rmse	-0.5093	0.2714	4	95	256	13	2018	5.2308	0.7815
11950	rnn	-0.3618	-0.4923	4	188	1406	65	2018.3538	5.0154	1.4752
11957	robot	-0.0725	0.6558	11	72	142	11	2016	4.8182	0.4126
11960	robust control	1.0208	0.4179	3	58	122	7	2016.4286	5	0.4548
11970	robust optimization	0.241	-0.8814	1	115	432	22	2017.6364	21.3636	2.484
11975	robustness	1.1322	-0.1128	3	48	109	6	2016.8333	3	0.2593
11986	roof	-0.1777	-0.3364	1	459	6513	354	2017.3164	6.8701	0.9245
11998	rooftop photovoltaic	-0.1235	-0.6594	1	68	119	6	2018.1667	8.1667	2.1098
12003	rooftop pv	0.0256	-0.69	1	60	125	7	2016.8571	6.7143	0.6889
12016	root mean square error	-0.2995	0.2157	5	95	236	11	2016.9091	4.9091	0.6063
12017	root mean squared error	-0.4376	0.2433	4	118	413	21	2017.9048	3.8095	0.7022
12025	rossby waves	-1.1179	-0.4958	12	45	101	7	2017.2857	6.5714	0.585
12050	rtds	0.8778	0.0797	6	59	124	7	2016.2857	1	0.0959
12064	rural electrification	0.0659	-0.6677	1	116	512	27	2017.3333	12.5556	1.5655
12101	satellite	-0.5023	-0.05	4	214	1700	96	2017.4688	7.8125	1.0471
12139	scenario analysis	-0.4715	-0.7611	1	58	155	8	2017.625	11.125	1.2431
12146	scheduling	-0.073	-0.9673	1	73	174	10	2016.4	11.2	0.9336
12160	scope	1.0682	0.9997	7	35	108	5	2017.8	1.2	0.115
12166	search	-0.1492	0.7432	5	62	102	5	2016.6	14.6	1.7862
12232	self-consumption	-0.2791	-0.7595	1	99	307	16	2016.5625	25.625	2.3779
12250	self-sufficiency	-0.4721	-0.6031	1	56	107	6	2017.3333	13	1.5483
12263	semi-empirical model	-0.071	0.3525	9	30	46	5	2017.4	2.2	0.3641
12279	semiconductor	-0.6654	0.8741	2	53	113	8	2017.375	1.25	0.19
12281	semiconductor device modeling	-0.545	0.6925	2	67	172	11	2016.9091	2.8182	0.2688
12297	sensitivity analysis	-0.3048	-0.1898	6	143	573	29	2017.931	6.2069	1.0087
12301	sensor	-0.1219	0.1934	11	311	3314	181	2017.1271	8.7238	0.9803
12323	sepic converter	0.9098	0.6671	3	84	319	17	2016.5882	7.7059	0.726
12343	series resistance	-0.3118	0.9615	5	73	188	10	2016.4	7.7	0.6129
12369	shading	-0.3951	0.4571	2	112	416	23	2016.8696	9.2609	0.7585
12373	shading effect	-0.2217	1.0966	5	56	117	6	2016.5	10.1667	0.8584
12379	shadow	-0.0505	0.5743	5	448	7129	395	2017.2304	8.9899	1.0499
12434	short-circuit current	0.799	-0.2974	6	41	83	5	2016	0.4	0.028
12437	short-term	-0.2939	-0.4073	4	405	6446	327	2017.3761	8.0948	1.1632
12442	short-term forecasting	-0.8257	-0.5429	4	67	191	12	2017.0833	2.3333	0.4642
12467	shunt active power filter	0.9917	0.5688	3	45	98	5	2017.8	3.2	0.3443
12470	shunt resistance	-0.3679	0.9115	5	64	128	7	2016	9.7143	0.6856
12488	silicon	-0.5358	0.5974	2	319	4725	301	2016.7475	9.1894	0.9788
12496	silicon solar cell	-0.7419	0.8786	2	58	143	9	2017.5556	1.7778	0.2938
12544	simscape	0.0716	1.1328	5	52	108	7	2016.1429	6.5714	0.5714
12553	simulation	0.1272	0.187	3	1051	54451	3059	2016.8987	7.4361	0.8662
12562	simulation model	-0.358	-0.5329	7	59	104	6	2015.3333	4.1667	0.3631
12564	simulation modeling	0.1105	-0.0943	11	59	113	6	2016.8333	0.5	0.0519
12575	simulations	-0.5693	0.5226	5	44	80	5	2017.2	3.6	0.4902
12576	simulator	0.9474	0.1193	7	52	105	6	2016	2	0.1986
12578	simulink	0.3438	0.5341	5	295	2837	151	2016.6358	5.2318	0.524
12594	single diode	-0.3299	1.0563	5	48	95	5	2015.6	16	1.2064
12597	single diode model	-0.1542	0.8719	5	104	556	30	2016.9	21.1	2.2503
12627	single-diode model	-0.1676	1.0839	5	87	350	19	2017.7895	18.3684	2.5185
12672	sizing	0.1946	0.1201	12	103	350	17	2017.1765	12.3529	1.0825
12690	sky image	-0.7698	-0.2055	4	52	121	6	2018.1667	3.5	1.1589
12704	sliding mode control	0.6786	0.654	3	111	634	31	2017.5161	5.871	0.7729
12705	sliding mode controller	0.8096	0.758	3	58	150	8	2016.375	3.375	0.2787
12728	small signal model	1.0073	0.7397	3	44	126	8	2017.875	1.5	0.4254
12729	small signal modeling	0.8855	0.1397	3	64	158	9	2017.6667	3.1111	0.3068
12737	small-signal model	1.2165	0.0331	3	43	85	5	2015.8	9.2	1.3272
12738	small-signal modeling	1.0725	0.3089	3	86	335	19	2017.6316	5.5789	0.6079
12741	small-signal stability	0.9329	0.183	5	59	124	6	2017	0.5	0.6187
12743	smart building	-0.1673	-0.8415	1	78	202	9	2016.8889	6.7778	1.3099
12748	smart city	-0.2794	-0.7851	1	61	94	5	2017.8	7.8	1.2322
12763	smart grid	0.2234	-0.5111	1	316	2769	139	2016.7698	9.5252	0.8982
12771	smart home	0.2693	-0.916	1	90	314	16	2016.6875	6.125	1.1606
12776	smart inverter	0.6776	-0.2122	6	64	117	6	2018	2.1667	0.6877
12820	soc	0.6647	0.1728	3	65	121	6	2019	0.5	0.2272
12833	sofc	0.4295	-0.2848	9	65	108	5	2017	13.4	1.3207
12834	soft computing	-0.5373	0.419	5	54	112	6	2015.5	17.6667	1.2313
12855	soiling	-0.7219	-0.277	1	80	233	14	2018.4286	1.7143	0.3269
12861	solar	-0.1248	-0.1525	1	209	1075	60	2016.7833	17.1	1.5732
12872	solar array	0.4479	0.1349	7	59	137	8	2017	4	0.7774
12873	solar array simulator	-0.5203	0.9313	2	41	97	6	2016.5	5	0.4986
12886	solar cell	-0.5677	0.7905	2	251	2965	182	2016.8407	4.7912	0.5607
12900	solar cell modeling	0.2179	0.6241	5	50	126	6	2017.6667	55.3333	5.4009
12920	solar collector	-0.9908	0.1494	2	90	346	19	2018	7.3158	1.3358
12922	solar collectors	-1.018	0.2926	2	60	148	7	2017.1429	17.7143	3.0508
12927	solar cooling	-1.0497	0.0075	2	52	156	7	2017.4286	11.7143	1.2114
12951	solar energy	-0.4149	0.2022	2	442	5913	324	2017.3519	10.0278	1.3579
12986	solar forecast	-0.3352	-0.6366	4	64	115	5	2017.8	12.8	1.4364
12987	solar forecasting	-0.35	-0.3858	4	98	304	17	2017.3529	13.4118	2.0654
13001	solar home system	-0.2199	-1.0061	1	38	86	5	2018	6	0.8592
13007	solar insolation	-0.3381	0.3953	5	62	98	5	2016	15	1.0111
13017	solar irradiance	-0.5127	-0.161	4	202	1279	64	2017.4219	11.2188	1.0323
13020	solar irradiance forecasting	-0.1666	-0.1127	4	63	165	9	2017.4444	9.3333	1.0016
13024	solar irradiance prediction	-0.8346	-0.3472	4	53	121	7	2017.4286	15	4.0144
13027	solar irradiation	-0.2778	-0.0404	4	179	953	57	2016.9474	4.6316	0.3939
13040	solar module	0.1412	0.8786	5	62	131	7	2016.1429	27.5714	1.5362
13045	solar panel	-0.32	0.543	4	110	381	23	2017.3478	3.4348	0.284
13051	solar panels	0.1341	-0.326	9	91	219	14	2018.5714	1.2143	0.1788
13066	solar photovoltaic	0.0686	-0.1327	1	268	1914	105	2017.2571	10.7619	1.261
13077	solar photovoltaic energy	-0.5903	-0.858	1	44	72	5	2017.2	15.6	2.2796
13087	solar photovoltaic system	0.3832	-0.1375	6	95	294	16	2017.6875	11.5	1.2735
13102	solar potential	-0.4635	-0.7153	1	57	100	6	2016.6667	31.3333	1.9049
13104	solar power	-0.1903	-0.4018	4	176	939	50	2016.84	13.26	1.2209
13110	solar power forecasting	-0.6734	-0.6165	4	102	482	27	2017.6296	12.5926	1.5733
13112	solar power generation	0.3784	-0.0034	6	150	781	40	2016.55	13.925	1.1104
13115	solar power plant	-0.2519	-0.3851	8	62	118	5	2016.4	4	0.3405
13121	solar power prediction	-0.6079	0.0166	4	68	155	8	2017.125	8	0.7776
13130	solar pv	0.0505	-0.2749	1	239	1670	92	2018.0652	5.0978	1.2851
13132	solar pv array	0.3039	0.2403	7	56	102	6	2017.3333	2.6667	0.7485
13134	solar pv cell	-0.1375	1.0355	5	54	108	6	2017	3.1667	0.2515
13167	solar pv system	0.5607	0.1447	6	116	403	21	2017.4286	5.7143	0.5868
13174	solar radiation	-0.4005	0.0044	4	212	1626	87	2016.8736	8.7931	1.1358
13180	solar radiation forecasting	-0.882	-0.4283	4	54	129	6	2016	61.3333	6.2531
13190	solar resource	-0.3626	-0.2899	6	74	126	6	2018.3333	8.8333	1.6001
13211	solar thermal	-0.6667	-0.2545	2	67	170	8	2016.375	15.125	1.3822
13230	solar tracking	-0.604	-0.2661	1	62	103	5	2017	5	0.6304
13240	solar variability	-0.3039	-0.0504	6	67	125	6	2017.5	3.8333	0.4217
13259	solar-photovoltaic	0.9	-0.291	7	63	110	5	2015.6	10.6	0.8133
13282	solid oxide fuel cell	0.0727	-0.2186	9	74	167	8	2017.375	26.875	2.9004
13421	spice	-0.4306	0.7928	2	61	136	10	2016.8	3.1	0.352
13434	spv	0.3726	0.3092	7	65	133	7	2017.8571	0.7143	0.0773
13442	spwm	0.9015	0.5408	3	63	165	9	2016.7778	1.3333	0.3167
13465	stability	0.3693	0.0738	3	112	440	26	2016.7692	9.3077	1.1833
13467	stability analysis	0.8744	0.3858	3	99	361	20	2017.3	7.3	1.1663
13480	stackelberg game	-0.0353	-1.0396	1	40	89	5	2017.6	45.4	5.0721
13486	stand-alone	-0.3152	-0.0875	1	71	131	6	2016.8333	20.1667	2.5785
13495	stand-alone pv system	0.6731	-0.5075	7	53	108	6	2017.1667	7	0.6233
13499	stand-alone system	0.2617	-0.0058	10	82	175	8	2016.375	40	2.972
13500	standalone	0.9928	0.1407	3	66	151	7	2016.1429	22.1429	1.602
13511	standalone system	0.9499	-0.3333	7	53	97	5	2016.6	3.4	0.446
13535	statcom	1.0399	0.022	3	76	172	10	2017.1	4.2	0.3763
13542	state of charge	0.4819	-0.1546	10	120	486	22	2016.8182	11.4091	2.46
13552	state space modeling	1.2459	0.3029	3	47	81	5	2018.6	3.2	1.3513
13562	state-space model	0.2719	0.3981	5	79	144	7	2017.1429	9	1.0751
13585	station	0.226	-0.1437	11	152	786	41	2016.8537	7.6585	1.3477
13595	statistical analysis	-1.0451	-0.0429	2	64	169	9	2018.2222	5.4444	2.1948
13609	statistics	-0.2236	-0.1032	4	155	680	35	2017.0857	8.9429	1.0188
13617	stc	0.2717	0.9115	5	63	120	6	2017.1667	14	1.2475
13654	stirling engine	-0.8929	0.8242	2	46	130	7	2017	13.8571	2.0574
13679	stochastic model predictive control	0.3222	-1.1461	1	57	128	6	2017.1667	15	2.0522
13680	stochastic modeling	0.155	-0.7248	1	82	188	9	2017.7778	15.5556	1.2292
13682	stochastic optimization	0.0097	-1.0317	1	85	231	12	2017.5833	27.0833	3.4171
13688	stochastic programming	0.2555	-0.9544	1	112	461	24	2018.0833	8.2083	1.711
13701	storage	0.4351	-0.6089	1	400	5724	258	2017.4574	7.7481	1.046
13703	storage battery	-0.4369	0.7283	7	53	111	6	2016.6667	2	0.4162
13713	storage system	0.5353	-0.4547	6	98	284	14	2017.5714	2.7857	0.58
13726	strategy	0.4322	-0.2272	9	245	1647	82	2016.9024	14.2317	1.5235
13819	sunshine duration	0.0112	0.0109	8	52	100	5	2017.2	18	4.4701
13834	supercapacitor	0.7374	0.231	9	90	279	15	2017.6	3.1333	0.542
13852	supervision	0.2956	-0.8224	4	62	135	7	2017	16.2857	1.2184
13869	support vector machine	-0.4588	-0.1852	4	238	2124	103	2017.4078	14.7961	1.859
13870	support vector machines	-0.6772	-0.296	4	69	198	9	2016	53.5556	4.8184
13871	support vector regression	-0.6063	-0.3979	4	168	1073	55	2017.1273	17.8909	1.9999
13903	sustainability	-0.4429	-0.6244	1	73	215	13	2017.3077	5.3846	0.4433
13909	sustainable development	0.2772	0.2903	10	73	143	8	2017.125	3.625	0.4711
13910	sustainable energy	-0.4722	-0.4726	1	80	159	8	2016.75	6.375	1.798
13923	svc	0.7046	0.1245	6	43	76	5	2017	1.6	0.3765
13925	svm	-0.4824	-0.0001	4	73	167	9	2017.2222	5.6667	0.6224
13930	svpwm	1.0381	0.5475	3	49	135	9	2016.7778	3.3333	0.2625
13931	svr	-0.1169	-0.3153	4	80	167	10	2017.1	3.7	0.4516
13990	system	0.0992	0.0047	3	1115	109776	6091	2017.0657	8.8544	1.0508
13991	system advisor model	-0.5559	-0.5142	1	55	98	6	2017.8333	1.6667	0.3297
14008	system identification	1.2869	-0.0222	13	65	141	8	2017.5	9.75	0.8824
14014	system modeling	0.4836	-0.5412	7	86	256	13	2017.1538	23.1538	1.5465
14019	system performance	-0.6415	0.2361	2	61	128	6	2016.3333	20	1.766
14059	tandem	-0.7378	0.9225	2	36	81	6	2017.3333	13	3.2963
14069	tariff	-0.0251	-0.6934	1	258	2270	128	2017.0078	9.9688	1.2378
14096	technique	0.7646	0.9199	3	50	114	6	2017.6667	1.3333	0.3755
14105	techno-economic analysis	-0.258	-0.6223	1	96	282	15	2018.6667	5.7333	1.2514
14125	technology adoption	-0.3607	-0.6946	1	52	111	6	2017.1667	28.6667	2.0545
14146	temperature	-0.4529	0.3254	2	816	31308	1707	2017.0281	10.4628	1.1322
14157	temperature effect	-0.3777	0.5997	2	57	125	6	2017.6667	4.5	0.7322
14202	thd	0.8628	0.5862	3	88	315	17	2016.9412	2.9412	0.2494
14237	thermal	-0.6941	0.0395	2	635	19373	1050	2017.0476	12.8419	1.511
14239	thermal analysis	-0.6515	0.6871	2	69	169	8	2016.5	12.625	1.4148
14252	thermal comfort	-1.1909	0.4898	2	52	150	8	2018	5.75	0.8967
14265	thermal efficiency	-1.1771	0.3663	2	56	131	6	2018.6667	1.8333	1.8043
14269	thermal energy storage	-0.6927	-0.0834	2	100	367	17	2017.7059	14.1765	2.3293
14289	thermal model	-0.6759	0.5405	2	74	239	14	2017.8571	6.1429	0.9675
14290	thermal modeling	-0.9666	0.2814	2	134	802	40	2017.075	13.375	1.5851
14297	thermal performance	-1.1048	0.2412	2	53	120	6	2018.1667	6.6667	1.1036
14317	thermal storage	-0.6127	-0.2061	1	54	114	7	2017.2857	4	0.7062
14360	thermoelectric	-1.1271	0.1353	2	63	169	8	2017.875	20.875	2.8249
14370	thermoelectric generator	-0.6252	0.3627	2	66	176	9	2018.1111	12.7778	1.6655
14373	thermoelectric module	-1.1651	0.2035	2	53	145	8	2017	32.75	2.9825
14386	thin film	-0.6083	0.6161	2	80	235	15	2016.3333	6.6	0.4497
14397	thin films	-0.6089	0.4923	2	35	65	5	2017.4	9.6	1.5575
14399	thin-film	-0.5429	0.7265	2	56	112	6	2016	1.5	0.1477
14422	three phase inverter	0.3023	1.0563	3	55	101	5	2017.4	1.8	0.2084
14444	three-level inverter	1.0814	0.5189	3	53	96	5	2017	2.2	0.4648
14455	three-phase inverter	0.9742	0.4209	3	52	97	5	2016.6	2	0.1402
14479	tilt angle	-0.4977	-0.5447	1	54	123	7	2017.7143	3.2857	0.5027
14502	time series	-0.1187	-0.5208	4	85	259	15	2017.1333	6.4	0.8044
14503	time series analysis	-0.6965	-0.6837	4	70	174	8	2017.5	4.375	1.1015
14507	time series forecasting	-0.4158	-0.2861	4	61	127	6	2017	6.3333	1.4723
14511	time series prediction	-0.8464	-0.4976	4	65	164	9	2015.7778	13	1.1251
14580	total harmonic distortion	0.9577	0.3564	3	127	627	31	2017	3.6774	0.4317
14610	tracking system	-0.7286	-0.1042	1	47	94	6	2014.6667	4.6667	0.3101
14643	transform	0.4074	0.0816	3	515	7552	404	2017.2277	6.9035	0.8184
14645	transformer	0.7434	0.1054	3	329	3729	204	2016.9265	5.5833	0.6037
14661	transient analysis	-0.2729	0.2565	8	65	125	6	2016.3333	3	0.5425
14675	transient stability	0.9838	-0.0922	7	43	77	5	2017.4	0.8	0.1045
14742	trnsys	-0.8357	-0.2796	2	89	316	16	2017.6875	7.8125	2.6494
14796	two diode model	-0.2881	0.8693	5	72	171	8	2016.75	2	0.1659
14808	two-diode model	-0.2313	0.8115	5	60	152	8	2016.75	36.5	2.3146
14837	typical meteorological year	-1.0521	-0.5932	12	42	87	5	2018.2	2	0.198
14859	ultracapacitor	0.6565	-0.0433	9	56	98	5	2014.8	14	1.0485
14893	uncertainties	0.3951	-0.9112	7	66	148	8	2018.375	3.625	1.2327
14895	uncertainty	0.2234	-0.6063	1	188	1108	55	2017.5091	14.3273	1.7373
14896	uncertainty analysis	0.9076	-0.0408	3	59	101	5	2019.2	4.8	2.3379
14903	uncertainty modeling	0.5999	-0.54	6	91	319	16	2017.6875	17.5	1.9931
14907	uncertainty quantification	-0.5659	-0.435	1	57	98	5	2016.4	34.2	2.3984
14931	unit commitment	0.2005	-0.8548	1	79	254	13	2018	2.6923	0.357
14984	urban energy system	-0.337	-0.8673	1	40	90	5	2016.8	11	1.4065
15037	validation	-0.3619	-0.2208	1	84	192	12	2016.8333	7.25	0.442
15054	variability	-0.204	-0.4971	4	58	108	6	2016	14.6667	1.524
15092	variable step size	0.4649	1.009	3	38	79	5	2016.6	23.6	1.3716
15109	vector control	1.0986	0.4543	3	58	175	10	2016.7	11.7	1.3302
15121	vehicle-to-grid	0.3531	-0.7254	1	75	203	10	2017.7	23.7	1.9916
15179	virtual power plant	0.023	-0.9077	1	82	232	10	2018.7	13.3	2.0845
15187	virtual synchronous generator	0.8992	-0.1405	3	52	127	7	2017.7143	2	0.6757
15214	volt/var control	0.7014	-0.462	6	59	108	5	2017.2	4.8	0.9507
15222	voltage control	0.7271	-0.1853	6	166	814	42	2017.1429	7.3095	0.7019
15256	voltage profile	0.6547	0.02	6	59	122	7	2017	6.7143	0.4705
15263	voltage regulation	0.5442	-0.2061	6	105	402	22	2017.0909	5	0.6861
15267	voltage rise	0.7662	-0.462	6	62	159	9	2017.1111	7.8889	0.9562
15275	voltage source converter	0.7255	0.3683	3	115	420	22	2016.8182	7.5909	0.7138
15276	voltage source inverter	0.779	0.6519	3	107	453	23	2017.1304	2.8696	0.3577
15279	voltage stability	0.6566	-0.1654	6	86	260	16	2017.0625	1.8125	0.5267
15290	voltage unbalance	0.8137	-0.3482	6	55	102	5	2018.2	1.6	0.5865
15360	water	0.0418	-0.5516	1	225	1637	83	2016.9759	9.5542	1.21
15369	water electrolysis	0.1147	0.2699	9	54	98	6	2018.3333	2	0.315
15380	water pumping	-0.6453	-0.0308	6	51	110	6	2016.8333	2.3333	0.8683
15411	wavelet	-0.3837	-0.3337	4	190	1194	59	2017.0508	9.5254	1.226
15414	wavelet decomposition	-0.5433	-0.5535	4	73	174	8	2017.125	22.375	1.8984
15418	wavelet transform	-0.2036	-0.1447	4	105	368	15	2017.4667	10.0667	1.6891
15438	weather	-0.3788	-0.1349	4	683	15703	809	2017.2101	9.0791	1.0406
15442	weather data	-0.5482	-0.6414	4	63	121	6	2016.3333	3.3333	0.3928
15445	weather forecasting	-0.6027	0.0689	4	58	116	5	2016.2	24	3.4029
15483	whale	0.3865	0.465	5	78	172	8	2018.375	28	3.5766
15500	wind	0.0894	-0.2958	1	808	28520	1495	2017.0234	9.3866	1.1273
15518	wind energy	0.2575	-0.2499	7	167	866	43	2016.8372	9.0465	1.2701
15520	wind energy conversion system	1.0147	0.0618	7	77	202	9	2016.6667	3.6667	0.974
15523	wind energy system	0.6552	0.1387	3	95	346	15	2016.7333	5.8	0.7815
15531	wind generation	0.9446	-0.5415	7	59	147	7	2015.2857	7.7143	0.5632
15542	wind power	0.1485	-0.5915	1	161	931	48	2016.6875	11.9792	1.1938
15547	wind power generation	0.2957	-0.6235	6	83	247	12	2016.25	16.6667	1.3881
15559	wind speed	-0.5784	0.2315	4	61	138	6	2016.3333	7.6667	0.7892
15561	wind system	0.7065	0.2714	7	72	244	11	2017.1818	15.9091	1.7267
15563	wind turbine	0.5761	-0.0538	7	174	1034	49	2016.9388	6.2449	0.7969
15565	wind turbine generator	0.4555	0.1736	8	55	130	7	2015.5714	20.2857	1.3708
15571	wind turbines	-0.2155	-0.3624	1	95	259	13	2016.9231	15	1.2732
15614	wireless sensor network	-0.171	0.2837	11	67	148	8	2016.5	4.875	0.4912
15667	z-source inverter	1.0163	0.4639	3	60	131	8	2017.5	1.75	0.5324
15680	zero energy building	-0.8046	-0.478	1	62	126	7	2017.2857	20	2.9333
